1308131
0808142
0405131
0409021
0305161
1201162
0116132
1313041
1108152
0703021
1313142
1102012
0110142
0409162
1215142
1309022
0401122
0613152
0814041
1308052
1302082
1510162
1201052
0801072
1004041
1102102
1207071
1616111
0112162
0712022
0703011
0206082
1115062
0604142
0511052
0311061
1015092
0203012
1107152
0609122
1605092
0501022
1112081
0214052
0103132
0211011
1414022
1506131
0805022
1503131
0509141
0616091
1513161
1603162
1110061
0610141
0706142
0306121
0312042
1109152
1408061
1112072
0414111
0911052
1315091
1410071
0213062
1510032
1304132
0811152
1608142
1216021
1211161
0707052
0807132
0104142
0914142
1402102
0211051
0601102
1106111
1016061
1414161
1603102
1408012
0304142
1409152
0304042
0501122
0505021
0712132
0913031
1011141
1016142
1201051
1404031
1207091
0703071
0806162
1207032
0207061
0301141
0814131
1013112
0712031
0303071
1509091
1311092
0603121
1413121
0410162
1014132
1408072
0405151
0308052
0616061
0911031
0807092
0804161
0201102
1402042
1305122
0312101
1601112
1603152
0202051
0505142
1503031
1511121
0614121
0702031
0910102
1216131
1211032
0403032
1413091
1605111
0814121
0602142
1104121
1111131
0409121
1301091
1213112
0204032
0513101
0509071
1512071
0413052
0703042
1506062
1016092
0913082
0908092
1207072
0905012
0105132
0708052
0112132
0402062
1309082
1508151
1001141
1409042
1102042
0408122
1603112
1505021
0413101
1511031
0614161
1613161
1401031
1203162
0208071
0303162
0815031
1403161
1116061
0402121
1611152
0206142
1516152
1610072
1009101
1316092
0512081
0216061
0907082
1606121
0801082
1315072
1310051
1312071
1513102
0306131
1008011
0310101
0604111
0503022
0401011
0912022
0407051
0508011
0916161
0216092
0902091
1208162
0402071
0908012
0315142
1205052
1613011
0612111
0403102
1114121
0503091
0514101
1410081
0615042
0209072
0504161
1406152
0207012
0616031
1613102
1308022
1512021
0101021
1002102
1004141
1106032
0507162
0305032
0207092
0802152
1315121
1306122
0214011
1207132
0308062
1406121
0204022
0309012
1514092
1604092
1512062
0811052
0808162
0411141
1416011
0412141
0908071
1509121
1014082
1014011
1410162
0614072
0101102
1605131
1209022
0907052
1316152
1007162
1512111
0808091
0314121
1109132
0811022
0403122
1206122
0416162
0615161
0403161
0509041
1609031
1603131
1310152
0410091
0103042
0309041
1301151
0412061
1313042
1314132
1208021
1215162
0616012
0412032
0607011
0207051
0614142
1610111
0810062
1103011
1201142
0604011
1307152
0112092
1104151
1409041
0813101
0110031
1107032
0201142
0605111
0105111
0507082
1605132
0716141
0313121
0113012
0902051
0811122
0213041
1213071
1316071
1013081
0712151
1314042
0112012
0611032
1002132
0311151
1102132
0608072
1209161
1616131
0502152
1006041
0706122
0515052
0204101
0301122
0612012
1414142
0805082
1409111
1316132
0416142
0710071
0910111
0207131
1301081
1609161
0504031
1210121
0815151
1001131
0104132
1611051
0402161
0705112
0913162
0810152
1005111
1115012
0602131
1402092
1104131
0303021
0410161
0414092
1605152
1008092
1011061
1503072
1513032
1501141
1609101
0909062
0303141
1011042
1507151
0101071
0510051
1205102
0908072
0216082
1208101
0909081
0515041
0501071
0915162
1513121
1212021
1403152
1601161
0113031
0607122
1412011
0302151
0112052
0211121
1209032
1307032
1502111
1605141
0315082
1407152
0315012
0806031
0803162
0606102
0612131
1311052
1115052
1603022
0210102
0505022
1609162
0201092
0710082
0605032
0712131
0602101
0405141
0801161
1403101
0805111
1115132
1009072
1615012
1111102
0512102
0305121
0703131
0303012
0113072
0311031
0716082
1114132
0115141
1108022
0101122
1012101
0702091
0612092
1106091
0416011
0315091
0607121
1307162
0808131
0806012
1003152
0115061
1406101
0210082
0709162
0609161
0309051
0511121
1404081
0115111
0411122
1106131
0711161
0709012
0913101
0807042
1315161
1111081
1307061
1308102
1510151
1212122
1311122
0906031
0216081
0306151
1106121
1003042
1613041
1616081
0402041
1103132
0615132
1205151
1608032
0907051
1104042
1206141
0709092
1415012
0411071
0212092
0115142
1013122
0110062
0615141
1202111
0313132
0603071
0307092
0803072
1616112
0412042
1109092
0914131
1404142
0709052
0715041
0202142
0509142
0813091
1306012
0114062
0905152
1308132
0114082
1012091
1414132
0903052
0815011
0912081
1605102
1202052
0611151
1202161
1410031
1609041
0104102
1504082
1103122
0713101
0414122
0912071
0312072
0804151
0910072
0309072
0512062
1009032
0804101
0112021
1306021
0802142
1012022
1407031
0906121
1511131
1507081
1314011
0510151
0904041
1607081
0613102
0111132
0401081
0903141
0308121
0813062
1107012
1110131
1016131
1006011
1210122
1014092
0413152
0510022
0516062
1209101
1013061
1112022
1002151
1202092
1308021
0709141
1408071
0407081
0606031
0808101
0103092
0216091
0903151
1416041
1311142
0603022
0508151
1515082
0416112
0605082
0710011
0708082
0406131
0412012
0512082
1111162
0216161
1306041
0116131
0116022
1115162
1614081
0303152
0215082
0409012
1009021
1302132
0710132
0707071
0502062
0610102
1215141
0912062
1103142
1107061
0911161
1206142
0409141
0215052
0903011
1416092
0206031
1408032
0215132
0807161
1214051
1202021
0603162
1411141
0206061
1009151
1316021
0404032
0305052
0714141
0607062
0916022
0402152
0501011
1109051
0404072
1012011
1115111
1302091
1504031
1502142
0601142
0408112
1205061
1504042
0614022
0208122
0404011
1616032
1609141
0301032
0801152
1013011
0814061
0509032
1116051
0105042
0312031
1012161
0415101
1511022
0313041
1413072
1216101
0108122
0709142
1601152
1307062
1506052
1507131
1616071
1611071
0108161
1612012
0901031
1212071
1410041
1214011
0813021
0701162
0812101
1406082
0716162
0309111
1210102
0712071
1205101
1304151
1107011
1609102
0401042
0113141
0608071
0615092
0503142
0105162
0516142
1109032
0801112
0313102
0412122
0701161
0904011
0504131
0201091
1501131
1613132
0203042
0807072
1111111
1304101
1509092
0301081
1512051
0104071
1506132
0310162
0909102
0915151
0207062
0813142
0513121
1612142
1309131
0111082
1310031
0615022
0302152
0704141
0212051
0902022
0210032
0916142
0109042
0406072
0709071
1610042
0901152
0801081
1115081
0315141
1602062
0108061
0907122
1408042
1001142
1301101
1003111
1409162
0306132
1415102
0403132
0913112
0201132
1016022
1114112
0401041
1015042
0201022
1308142
1001121
1303072
0101082
0113042
0213072
1503041
1308042
0415072
0715011
0916071
1001012
1004162
1205022
1504131
0712102
1213022
1408062
0409151
1503071
0607042
0713072
1011032
0503031
0609082
0504112
1203151
0614151
0202011
0707161
0905071
1303021
1104162
0813011
1412151
1316161
0204131
0512112
0902102
1615011
1309091
1609131
0816122
1603111
0912111
0204141
0514152
1413042
1403081
1615112
0409062
0301152
0616082
1009041
0816061
0105051
0811021
1003161
1414041
0602151
1006122
1311131
1402052
1010142
0613112
1016121
1610122
1214032
1113161
1506041
1110042
1606141
1208161
1001032
0102152
1608132
0105062
1012051
0401091
1211051
0311021
0802161
0816021
0207121
0909161
0910061
0503012
1001081
0816051
0110151
0306161
0311051
1009091
0114151
1108121
1210031
0106161
0114142
0905162
1103031
1116081
0505112
0906061
0406132
0311122
1002061
1002021
0903031
1406062
0601092
1201032
1402062
0716051
0706072
1316122
1109111
0114051
0713041
0110131
0603092
0801101
0613032
0802052
1004011
0714122
0904031
0607091
0314092
0516081
0909042
0511062
1309011
1005051
1007051
1014161
0912151
1103071
1209031
1606151
0309121
0111151
0703141
0313112
0514061
1515102
0805051
0908151
0513061
0515112
1607121
0804072
0710012
0704081
0405031
0703151
0608162
0507012
0905022
1208061
0212052
0612151
0302052
0706141
0415102
0906021
0406092
0915091
0410052
0605041
1114122
1612092
0115032
0201151
0812162
0605101
0316071
0702152
1304112
0612122
0904081
0804032
0808102
1409022
0111061
1303052
1008121
1302051
0210061
1113091
0706132
0607092
1408161
1505061
0114161
0104121
0716102
0302081
0206011
0813132
0108151
1113082
0707081
0211021
1109161
1015051
0210121
0408161
1111152
0910161
0415112
0507121
0411162
0108062
0406102
1512161
0116142
0513122
1113121
1416111
0102091
0604061
1010101
1002022
0516151
1010061
1606131
0913141
0915072
0102051
0604042
0613101
0105072
0315071
0902151
0907041
0204061
1605031
1010071
0816042
0111101
1515031
0315122
1413032
1102041
0412081
0511142
1602081
0316131
1013071
0614042
1206021
0507141
0906022
0510142
1108021
1613022
1312011
1407162
0215152
1211162
0407031
0116032
0813102
1310072
0702041
0914152
0207081
0301041
1302072
0708101
1105011
0108032
0203041
0311152
1316141
0715111
0813112
0716011
0211141
0903092
1411061
0601111
0809102
1516101
0514072
1407131
0904121
0907102
1407032
0608092
0104131
0712152
1404131
1104122
1205051
1112102
1009012
0606082
0210012
1515072
0609052
0105081
1113021
1109091
0706061
0511081
1315041
0214032
1201112
1409161
0511042
1208151
0705131
0906092
0508051
0111022
1414071
1002091
0705091
1613052
1102011
0416122
1201082
0106151
0904082
0108071
1411022
0203052
1508102
0609111
1604022
1416042
0506031
1309151
0201032
0404102
0602112
0305101
1510052
0416152
1512131
0512032
0805012
0813121
0302071
1404022
0306051
0612061
0205101
1012031
1115122
0603052
0614131
0208151
0110042
0603031
1202152
0711012
1502052
0902121
0311042
1215051
0315161
1207102
0209052
0105021
1208131
1007092
0808071
0808081
1203101
1406042
0504081
1210061
1202022
1301051
0406032
1108031
0508122
0414071
1503111
1214091
0610021
0711022
1609081
0513142
1206161
0715092
1614121
0613061
0711131
1108052
1111132
0916051
0809011
1007032
0305012
1015121
1105102
1310132
0116071
1512112
0308111
0910151
0312111
1404012
0209012
1601131
0612161
1012142
0913091
0312122
1610131
0402102
1316042
1011101
1403142
0412152
0915112
1611101
0802062
1212012
0910121
0409092
0209152
1401091
0206022
0707062
0912032
1013051
0913102
0403071
1016042
0409131
1207082
0801041
0115132
1112011
1312042
1404051
0311142
1511102
0709021
1311132
1601052
1305021
0703111
0502142
0906081
1006081
0113062
1512102
0702082
0515091
1401132
1308071
1409052
1204041
1610051
1405012
1313122
0107031
1015031
0212152
0513102
0815161
0709121
0702112
1508071
0608131
1109142
1508012
1201151
1505091
1509041
0810102
0704092
1614031
0605062
0409052
1106061
1501012
1609051
0206122
1315032
0703062
1413051
1603032
1607111
1511072
1315111
0312121
0201021
1211112
0104141
1603072
1401151
0311052
1005052
1606041
0407072
0104081
1212101
0209022
1208132
0813032
1215031
1602042
1604162
1401161
1007082
1012052
0209102
0311132
0501081
0803042
0904091
1512012
0907071
1509122
0408012
1113042
0515121
0412101
0405162
0709072
1206081
1613112
1610012
0504012
1408162
1502031
0611062
0807022
1316022
1008151
0704161
0403081
0415162
0815152
0905072
1206011
1211111
0612051
1216041
0311121
1103162
1608021
0307131
1109021
1102141
0208021
0912152
0302132
1110031
0202032
0814112
0912121
1409101
0713131
1415051
0802011
0105101
1616051
1601132
0816011
1414101
1005021
1607061
1204062
1003031
0112131
0111102
1213032
0808011
0913132
1105161
1503112
0705051
1301061
0209062
0306011
0208132
0511012
1605052
0805021
1001021
1107161
0908032
1404102
1411161
0911101
1511152
0512152
1412112
1516051
0113082
0916052
1408021
0311102
0611132
1214062
1306051
1507112
1411021
0716021
0405081
0512132
1402131
0306141
0211142
0503112
0110152
1511122
0708041
1413082
1316041
1002051
0315021
1608071
0309152
1504081
1009061
1016052
0911012
0804061
0807091
0912021
0610071
1516162
0504072
0815052
0115082
0911011
1107132
0701122
0405022
1602091
0712052
0206121
0512071
0501112
1108041
1214071
0515082
1304031
0504142
0715141
1114051
1007041
0411131
1515032
0304141
0410081
1409062
0801121
1615091
1009122
0610091
0314062
0601121
0905132
1202141
0316142
1214151
1409122
1204022
0913022
1205062
0916121
0106092
0710021
0302122
1405071
0903022
1001082
0306122
1614111
0803071
1107042
0713032
0815022
0111042
1504152
1512141
0211091
0902021
1616151
1309112
0808151
0112011
1402111
0410101
0316061
0903111
0514102
1204082
0316072
0611091
1202032
0108012
0210152
1216072
1503132
0210041
0615101
1311151
1412082
0502161
0616072
1207161
1310042
0106072
1101151
1301112
1605121
1503081
0208062
0305072
1514131
0615032
1610022
1205012
0815061
0815162
1413062
0310092
1111141
0707091
0213032
0401141
1012152
1413052
0904141
0107012
0213142
0806071
0710031
1608031
0911062
0515012
0910122
1506021
0116141
1215071
1502131
0807101
0209042
1405032
0413031
0101011
0411031
1010051
0114092
0408052
0304161
0606101
1014031
1108042
1511142
0116012
0310132
0409152
0310062
0513041
1001151
0408041
1206072
0601101
0605021
0411091
1014101
0613062
1114162
1613141
0813131
0804011
1214101
1301042
0309071
0913142
1202142
1211022
0513021
1109061
0911021
0306091
0512051
0901061
0114031
0816032
0405061
1002121
1114081
0908031
0103111
0914121
0409011
0501152
1116041
1107081
0507052
0202042
0607012
1104012
0914141
0212141
1314112
0404042
1212032
0706081
0303042
1006151
0502071
1114021
1304021
1008021
0916132
1214102
1212162
1009141
0501012
1206061
0315151
1114131
1602021
0701021
0105061
0215142
1008012
0112072
1303112
0609152
0909152
1311041
1406011
1111022
1405101
1101042
0606032
0213082
1111092
1508112
1102031
0807082
0607022
0406081
0414161
1015091
0903122
0110051
1306061
0211052
0913161
1207062
0206032
0411011
1010141
1506082
0207091
0606131
1606071
0516161
1210151
1202102
1213162
0608081
0610112
0614071
0801022
0806022
1414072
1216022
0416082
1311091
0205022
1611061
1601051
0702121
1504122
0215151
0201071
1516122
0308102
0107082
0515161
0709032
1503142
0402112
0715101
1308161
1202012
1409071
1504142
0414041
1106041
0716111
1401062
0715151
1202122
1210092
1106022
0708051
1111012
0606071
1202151
1005132
1109071
1509131
1106092
1413061
0906141
0114141
1011092
1308101
0301132
0102062
0405082
0811031
1211092
1210062
1302052
0902011
1205041
1613042
0305111
0109111
0903041
0709151
0612132
0907031
0912042
1615042
0109092
1316012
0407032
1014142
1410102
0601072
0805091
0112061
0408032
0302031
0803121
0815082
0702081
1506112
0913122
1403032
1516012
1414141
1007022
0502072
0307152
0716042
0106141
0306022
1207092
1616022
0502061
0401012
0804042
0211131
0903042
0810071
0304132
1607132
0106162
1314141
0914122
1411051
1615092
0312112
1412041
1305071
0111011
0511091
0603112
1410131
0702161
0509131
1104011
0303151
1403052
0408121
1301062
1501051
1413132
1508092
0513151
0214062
0301072
0613161
0715102
0710052
0208052
0707162
1012102
1015152
0112071
0813041
1007101
1304041
0207042
0404022
1507051
0807011
0216131
0601062
0911071
0902122
0701092
0106082
0811041
1115112
0508142
1601122
0110112
0508082
0604031
0103041
1004101
0203011
0505032
1302161
0413102
1115041
1105031
0501092
1304081
0814062
1315162
0503161
0214031
1109122
0203161
0103021
1203041
0912101
1203061
1201022
0914082
1608091
1607131
0409031
0603042
0814111
0103032
0411142
0405161
1512122
0416151
0204072
1003131
1402121
1505071
1511111
1203112
0903021
0216141
1102112
0106052
1215042
1513041
0711092
0414132
1516091
0704062
0604101
1312041
0313152
0416072
1312061
1606051
0306111
1108082
1611161
1301082
1003052
0502092
1304131
0814012
1402021
0810051
1101101
0905052
1314162
0915062
1216162
0812132
0501082
0106131
1001071
1107082
1612162
1112012
0211152
0709102
1107041
0109032
1212092
0305062
0316161
1406051
0407122
1211141
0810132
0215102
0213112
1205152
1507121
0202112
0611061
0116101
0202141
0706011
1312101
1313011
0616141
0115051
1303092
0515142
0407142
0109102
1605071
0515111
0716062
1602071
0305011
0303032
1515161
0716161
0301062
1101121
0910052
0310051
0404021
0601091
0710081
0305132
1603122
1002041
1214122
1513071
1406111
0307102
0516112
0101052
0112091
0708032
0307042
0703162
1304122
1606061
0806081
1107101
1308111
0606081
1111021
1308091
0110111
1011052
0508072
0104061
1307072
0901072
1304152
1315122
0215071
0710131
1306091
1102051
0313072
1105071
0302012
0504032
1113011
1309051
1416161
0411101
0904151
0410132
1316051
1310012
0113131
1306031
1009131
0216142
1304022
0609032
1410132
0413111
0108162
0410121
0804131
0515122
1614141
1407121
0311131
0213012
1310121
1209021
1505081
1403042
1301092
0901102
0903051
1408121
1205142
1206151
0309091
0701102
0402162
1502141
0610092
0506061
1608161
1015052
0202052
0816121
1410142
0712032
1105051
1416012
0615091
1210042
1514082
1012071
1415061
1201071
1008161
1402152
1405111
0503061
0711111
1112122
0408141
1216142
1101061
1003122
0204012
0506062
0109011
1514121
1602041
1401162
1304092
0309062
1412042
0802111
0814142
0106051
0814132
0507031
0316021
1401142
0711112
0906122
0109021
1006061
0112042
1006022
1112042
0213061
1010112
0514131
0512151
1602082
1113072
0705101
1408092
0602021
1004042
1415082
0908081
0807122
0804041
0901151
0504101
1408101
1211062
0701082
0808041
1314072
0305091
0209131
0709082
1509011
1306132
1203021
0904062
1401112
0101112
0604121
0401161
1507041
0907022
0111111
0104082
0503051
1010152
1104102
1305072
1105152
1305092
0306101
0211041
0513062
1203052
0712042
1211072
1205131
0304131
0708111
0505121
0509072
1403102
0606051
0909092
0705161
1312161
0610121
1501081
0305131
0407012
1012012
0413091
1315071
1407151
1610101
0906131
0914052
1608012
0711062
0411121
1113041
1410072
1612112
0716132
1211121
0810121
1403041
1101111
1614032
1110152
1010052
0407042
0106012
0708151
1015122
1104072
0105092
0108132
1613072
1307012
1412161
0107122
0707122
0610032
1105101
0715032
0811141
1303042
1208111
0415142
1203031
1406072
0706021
1112062
1407132
0210142
1604131
0610011
1309111
0605102
1414061
1307091
1401102
0807111
1616162
1507152
1505152
0711162
0308041
0107062
1312031
0513111
1306011
0916091
0916031
1005131
0211071
0106091
1410111
1615131
0309141
0814011
1509062
0309162
0413161
0416042
0513152
0706071
1008101
1109031
1510031
0107072
0713132
1009161
1303122
0115091
0715112
0109022
1401111
1516081
1003061
0909091
1103092
0403051
0608021
0216072
0805162
1304141
1412032
0612091
1615032
1007012
1611022
1108032
1205031
1205092
0111031
1314071
0316111
1605161
1606022
0113022
1609121
1516021
0701061
0506041
0201042
0916092
1613021
1511081
0608112
1302151
0214142
1216042
1601041
1312131
0504022
1515041
1213161
1307102
0705021
0911131
0607162
1204011
0108142
0814052
0602062
0112101
0412082
1010081
1013062
0305022
1114022
0916141
1216111
0807032
0313032
1614162
0706102
0216042
1012041
0810092
1609032
0115162
0103011
0314082
0906062
0905061
0205141
1501062
0310011
0606052
0607071
0610022
1115042
1303161
1415101
0509121
0202121
1207152
1615151
1506072
0103131
1103121
0911152
1116101
0411022
0916041
0415131
1110132
0801021
1116091
0510041
0907132
0901092
0209071
0915111
0101132
1401012
0114132
1415141
0702111
1113022
1415062
0110011
1016072
0607142
0102022
0407132
1515122
0701141
0201131
0415081
0204111
0905121
1413092
1505052
1103032
1201152
0606121
0404082
1305142
0802061
1110041
0906152
0203162
0610061
0802081
0612011
0701101
0207011
1412141
0816112
1502041
0715031
0301151
0501062
0203111
0215041
0513071
1306121
1111161
0116062
0101131
1205091
0616011
1214041
1502011
1408122
0307162
1010031
0310031
1009052
0702072
0812142
0907062
1204021
1403022
1404132
0801131
1004061
1405161
0508102
0701022
1304032
0416032
1003012
1516061
1105132
0116041
0802012
0906052
0810111
1302031
1204091
0803011
0408102
0909132
0312081
1615051
1304142
1114152
0308032
0602162
1104142
0101051
0404162
1502132
0402091
1210012
1014151
0807051
1606011
0108092
1602132
0311111
0201062
0606062
0904052
1513082
0107041
1103112
0906082
0811051
1204072
1309142
0813122
1304052
1402011
1614091
0203071
1605072
0316092
0105041
1206121
0104162
0108011
0711072
1602111
1013132
0708121
0308141
1416022
1314102
1402071
0313051
0211032
0313131
1611111
0603102
0516072
0708102
1105151
1003101
1204102
0210051
0708031
0315152
0601151
1205042
0911051
0714112
1205071
0610152
1412022
0712082
0805131
1501021
1608102
0802112
0708162
1216132
0513092
0206072
0204062
1214112
0212041
0711021
0809131
1307112
0303011
0616132
1007071
0505031
0204011
0409061
0107081
1402151
0908051
1202091
1501031
1614161
0505102
1603011
1508051
1206112
1510142
1608151
0304101
0301031
1002122
1116092
0808061
0601021
1314032
1202042
1109102
0916112
1506012
0314042
0608111
1610041
0813162
0901071
0706031
0413081
0103162
1614041
1004051
1105061
0608082
0811142
1402162
1115072
0414121
1112091
0809041
0511111
0513112
0510161
1407012
1408132
0510011
0112022
1204151
1102032
0410072
1202162
1314111
0810142
0504132
0501151
1016091
0709131
0902062
1508152
0813072
0607131
0614032
0314052
0416021
0812082
0808021
0603062
0113111
0902061
0301082
0407102
1011112
1014021
1215062
1405122
1603012
1508131
0506011
0915032
1104052
1511112
0815092
1506061
1601082
0913052
1310092
1216152
0815042
1403031
1102151
0815012
1115051
0911121
1306101
1107162
0714062
1602141
1614101
0101121
1006142
1207011
1313161
1416061
1406022
0503081
1015102
1307071
1506161
1409091
0901082
1613111
1208141
0904162
0811082
1109112
1006052
1602032
1614092
0616112
0114112
0505131
1306071
1403011
1001011
0910131
0411012
0706161
1610162
1416152
1002031
1110082
0704111
0507061
0514042
0404091
1007081
1016031
0113091
0203151
0705092
0309101
0905051
1512061
0805031
0612031
1204132
0103082
0301011
1004071
0414101
0413061
1411131
1615142
0406112
0402122
0713021
1511041
0315101
0116021
0210021
0305061
1512132
0409112
1016102
1107122
0209142
0515152
0204122
0206092
1613081
0715091
0613142
0711122
0410041
1316011
0410051
0916011
0407121
1216161
1112161
1608042
0811102
1611031
0406022
1015012
1305161
1310082
1404062
1503011
1401101
0104052
1114151
1408091
1505012
1601042
1109042
1010011
1612061
0612082
1103152
1512152
0907151
0710042
0508132
1407071
1008081
0205031
1504071
0107121
1401021
0607141
1512052
0104012
0705151
1414091
0916021
1210052
0616151
1206071
1502082
0214022
1216122
1512081
1610102
0214161
1501132
0115122
0616142
0809161
0506151
0704091
0911091
1614131
1311021
0609091
1314122
0903101
1109062
1515011
1007122
0301102
1007102
0308132
0707101
0201041
0411052
0715162
1016082
1407101
1503021
0716131
0913011
0102012
1409131
0507032
0310161
0908011
1404112
1116102
1611062
0810061
1414122
1409081
1407061
0105022
0516102
1515111
0107102
0512021
1603132
1405021
1610151
1616021
0405032
0811161
1110122
1516011
1513062
1503122
0504111
1507092
1213021
0210101
0506162
0206012
0112141
0115152
1505041
1209051
0211151
0410082
0310122
1503082
0915051
0113021
1004121
1001122
1403141
0410021
1605042
0902082
0109161
0704102
0910082
0712011
0412121
1511161
0916061
0708062
1008042
1604122
0605132
0803141
0509051
1210141
1204081
0214071
1609011
0608102
0208101
0813092
0613162
0803062
0612042
0713121
0314151
1002082
0406031
0309011
1516082
1314152
0211101
1516131
1015142
0614082
0509102
1603101
1411132
0609071
1516022
0716092
1616092
0401031
0312012
1303102
1406162
0515101
1106152
0110012
0615011
1305141
1301131
1213012
0110091
0609061
0112051
1412051
1314161
0713061
0502122
1301132
0611022
0416092
1102062
1512162
1506141
0915031
0409102
1101091
0416012
1509042
1612131
0812041
0115052
0410092
1408022
0704061
0107011
0804062
1212062
0714102
0812052
1304161
1609152
0211092
0115101
0316032
0512052
0304091
0314111
0512022
0714091
0615131
0506012
1606122
0216062
0216031
1401122
0109101
0613082
1307092
0909051
0806041
1004122
0307132
0808032
0302112
0606162
1309032
0115031
0401061
0809111
0615051
1502012
0211122
1613051
0501042
0709122
0202082
0304062
1507132
0401111
0407101
0502101
0608122
0303022
0310052
0904022
1602142
0713112
1415162
0115112
0415011
1211081
1215061
1506111
0613012
1411102
1404032
0407061
0112111
1415142
0514121
1004031
1605101
1004131
1405142
1209111
0416031
0810021
0201152
0501102
0908042
0613091
0306021
1214042
1311042
0803091
1304082
1505011
0505081
0209132
0116072
0205011
0213031
0704022
1208092
1004102
0613022
0906112
0115012
1608131
0811072
0907161
0616052
1002112
1604102
1013162
0501141
1407072
0405092
1607161
0613121
0212012
0204082
0309021
1502152
0508071
1003162
1602112
1308051
0214141
1612051
1513081
1003092
0504141
0212042
0514151
0516071
0909111
1002162
0901022
0806112
0113032
0808072
0602161
1601162
1604051
1312142
1501101
1116052
1501052
0112112
0415031
0310082
1015132
1401052
1010042
1116062
0509132
0511162
1615121
1402142
0406152
0903071
0111162
0408011
1204152
0909121
0708122
1409121
0606112
0210071
0315072
1202051
1607162
0516021
0802021
0405051
1209062
1614142
1113052
1303032
1310022
0609021
0901051
1410061
1309062
1412052
1212121
1405151
1009112
1612161
1207042
0202031
1114012
1614122
0708011
0105112
1113111
0215021
1303162
1301012
0712122
0403082
0715072
0107051
1614011
1209131
0701072
1509152
0106112
1305112
1612041
1308011
0207152
1504121
1312122
0808141
0502021
0808111
1409142
0507051
1602011
0106122
0115041
1514031
0912012
0205042
0814162
0312152
0916111
0702132
1602092
0908062
1614052
0714081
1107022
0607051
0805011
0910091
1505042
0503071
0913072
0410011
0504092
0502012
1415111
0116122
0307072
1407042
0705111
1102111
0109131
1103101
1603031
0114052
0411062
1213122
0615162
0408101
1508052
0103071
0416132
0506022
0107131
1212042
1412021
0804122
1404101
0914111
1110032
1508062
1312022
1301141
0809081
1416131
0809151
0213092
1201021
0616162
1103051
1016141
0512142
0910092
1003041
1402141
1307131
1409082
0804141
1207142
0307061
1312091
0813151
0103121
1506022
1616041
0411041
0208031
0505062
0106061
0201112
0109071
1115011
1513031
1308122
0514162
1411062
1408151
0602092
0414061
1213072
0103061
0308011
0905141
1401072
1601142
1102082
0215072
0605091
0503121
1516102
0616051
1312081
1403051
1612091
0712061
1204052
0116102
0109061
0209141
1001031
0414091
0310151
1312151
0915131
0803161
1213132
1314041
0507101
1108051
0414032
0302142
1515162
1014042
0905042
1515071
0503131
1503052
1607021
0403091
0315081
0514092
1001101
0408162
0603032
1101052
1310122
0203021
0203132
1312121
0912072
0611041
1603161
0802072
0901161
0801071
1414111
0415121
0406162
1509102
0113162
0307051
1610142
0705022
1012092
0103072
0112032
1606042
1304011
0314032
0813012
0103022
0215032
1312032
0504041
1409011
1608101
0804081
0312162
0216022
0514161
0304102
1006102
0508061
0408131
0102122
1515151
0412161
1211101
0711061
0701131
1205121
1409151
0510082
1408152
1515081
0306062
1511032
0704162
0208032
0616122
1007042
0910051
1115121
1302022
1604132
1614102
0606041
1003081
0809141
1205072
0702131
0207072
0601032
0201122
1606031
1211152
1309162
0915042
1014041
0313062
1001152
0709041
0803061
1204042
0207132
1512142
1511042
0315102
0201082
1514162
1611041
0504082
0710091
1210082
0612142
0215012
1201132
1505062
1016041
1206031
1601081
1116042
1316131
1415052
1503102
0807071
1402091
1104111
0202101
0801052
0901141
1112121
1114071
1005122
1312021
0805032
1316111
0915101
1607122
0709011
0105161
0316121
1306111
1111121
0604092
1206102
0915052
0703022
1609122
1601032
1504112
0801091
0710141
0713062
0103052
1106162
0106101
0509011
0615061
0106021
0212142
1508011
1606072
1603091
0511102
0303052
1215102
0313071
1014141
0213081
0415152
0507041
0104032
0512091
1411042
0604131
0408091
1413012
0804092
0308031
0809021
0716081
1102071
1115032
1316102
0715021
1003102
0311062
0803092
1504032
1111082
0614162
0702042
0512122
1302061
0302011
1511062
1213121
1210112
0607032
1604111
0803031
0109072
0816131
1115161
0214112
1504151
0602152
0608091
0313101
1411052
0802082
0103031
1005162
0314031
1310081
1316142
0209101
0513031
1011111
0402042
0812112
1011131
1116152
0611042
1316121
1513011
1216071
0105141
0410102
1501061
1004072
1105072
1206022
1108101
0713022
1403091
1307051
1613122
0607081
1104101
0510101
0802122
1015072
1516141
1601061
0611142
1413022
0902052
1508111
1109131
0501121
0909101
0902032
0506092
0411082
1001092
1307041
0113071
1515052
0906012
0203032
1214111
1010111
0309031
1104152
0509162
0816012
1116122
0705062
0107151
0307041
1009102
0305151
1013092
1104132
0813161
0312082
0610111
0315052
0513131
1607062
0405091
1303062
0810052
1015141
0702061
1002141
0904021
1311071
1108071
0806042
0812081
0604051
1208122
1402031
1505161
1610132
0901101
1405041
1007062
1405052
1513072
0903012
0906011
0316151
1404162
0715052
0216021
0906072
1515061
1415132
0614052
0504162
1410082
0103101
0707061
1215151
0207111
0306032
0114102
1107131
1401051
1306072
1210111
1608051
1412072
0615031
0902162
0505072
0810151
1110062
1314151
0310111
0506161
1403062
0204021
0706091
1405061
0111142
0204091
0906151
1415121
0515011
0208111
0307012
0411111
1101131
0913021
1515021
0508152
0213122
1104041
1409021
1104071
1308032
0202122
1404122
1315051
0308162
0609102
0111041
0504102
0812031
0607061
0212031
0305152
1406081
1503121
0510042
0304111
0102101
0312071
0613042
0313012
1116121
0415141
0811091
0701062
0306041
0411161
0514062
1415091
1215161
1011122
0315022
0711031
0212131
1208112
0707121
1410112
1015081
1005031
1302111
0416081
0505092
0705071
1104161
1504021
0411032
0507081
0512121
0615151
0909012
0904132
0406142
0905111
0808062
0516061
1507032
1112041
0506132
0216101
1609062
0202022
0713152
0403121
0701152
1409141
0812032
0909041
0602111
0514111
0704151
1605162
0503141
0714082
1204071
1613082
0305042
0801032
1214022
1302131
0116081
1208031
0111052
1601151
0511122
0903061
1410042
0612041
1108081
0214132
0114012
0303111
0703081
1308152
1109162
1210022
1009062
1403111
0707151
0802042
1009071
1112111
1001042
0902141
0206042
0304052
0608032
0711152
1416031
1613092
1212091
1505032
0404081
0113051
0307142
0504051
0804121
0614081
0112082
0404161
0405111
1305012
1610161
0316012
1401071
0515031
0601051
0214061
1303101
0109152
1212031
1406131
1514112
0716142
1001102
0511011
1310142
0202111
1305152
0203122
1416071
0710072
1013031
0408142
0703031
0511041
1509032
1113132
0709112
1307082
0809071
0909032
0301052
0412022
1514081
0509151
0815111
0902012
1002161
1605082
0303121
1609111
0403012
1512032
0809142
1203082
0605141
1511162
1311062
1404042
1101132
1213051
0914072
1508121
0610162
1007091
1006051
0314162
1106051
0214111
1406122
1305042
1003132
1311111
0604062
0610142
1515131
0313122
1209072
0803041
0110132
0301071
0812062
1215091
0104041
0714052
1308061
0201061
0414162
1207101
0502042
0610012
0908102
0915081
0806121
0302051
0310141
0414081
0315121
0304032
0107132
0505051
0515072
0212011
1402072
0302042
1306141
0707152
0116151
0215101
0915041
1001041
0911022
0315131
0416141
1501041
1504022
0512161
0606072
1301011
0501111
1612032
0412132
1308072
1015111
1302141
0503041
1507122
0412031
0601061
0914031
1611011
1210021
0505011
1613131
1102122
0213011
1307101
0407131
0712041
1407011
0316081
0102072
0401022
0202132
0410042
1605011
0212161
0902132
1405082
0914112
0212111
1211012
0704031
0815032
0104161
0413021
1011022
0504122
1109081
1112061
0202012
0515102
0215042
0511161
1205162
0306102
1005091
1416021
1502072
0612032
0609062
1002092
0401112
1616122
0215131
1611141
0213162
0902031
1302071
1207162
1506142
1412102
0113011
0605012
1608122
0911162
0401142
1608111
1107072
1106042
0712081
0408132
0904112
1307151
0208102
1401022
0412041
0905092
1515012
0615081
0810162
0512011
1403012
0815041
0203092
0403111
0303051
0807031
1507052
0906041
0315041
0210062
0606152
1510112
1202101
1604021
1003071
1411121
0516041
0805142
1402022
0507062
0214131
0102052
1305041
1307111
1209041
1515101
1413101
0405142
0616021
0108022
1513112
0812042
1001051
1507062
0804112
0302092
0914032
0901112
1415032
0207101
1509071
1311051
0204051
1615132
0815062
1410011
0608152
0912112
0608142
1507142
0704011
1414081
0506052
0706131
0602041
0614012
0408151
1201101
0711052
0216052
1101032
1511141
1216032
1602122
0612071
1607022
1402161
0707142
1404141
1401041
0810141
1507091
1606162
0715012
0906091
0406161
1616091
1507161
1616031
1515062
0504011
0602091
1411122
1214082
0108131
0905151
1305102
1013142
0701051
1606161
0313161
0811092
1215081
1306162
1205081
0411072
0110041
0815081
0110071
0705032
1105041
0103102
0114041
1403082
1307022
1502112
1111071
0415111
1602121
0915132
1604101
0110082
0215111
1415092
0801011
1503061
1608152
1016051
0714041
0210081
1109141
1110011
0203152
0407112
1316081
0607041
0211062
1115091
0106111
0801062
1504062
0802162
0714021
0216051
1613061
1206162
1114052
1406112
0607112
1110071
0413042
1006082
1115131
0110121
1504052
0905102
0314081
0901011
0604032
1215101
0205062
0205061
0612022
1516042
0711081
0111012
0614101
1216012
0108112
0308072
0402022
0514091
1001022
1612062
0414051
0307141
1413071
1201121
0407162
0612112
0210122
0811131
1512101
0214151
1316072
1415131
0516132
1402122
1309061
0601041
1210071
1410161
0501072
0308152
0709091
0609031
1407102
1206012
1011031
0104101
0608101
1615111
1313072
0513132
0411021
1106052
0916151
1510042
1404111
0511101
1301052
0302022
0116061
1309012
0116121
0812022
0403152
0616152
0910101
0112062
0511021
1414112
1510051
0909022
1411151
1314101
0615021
1002012
1306152
1509132
0608161
0211111
1009142
0705011
0702122
0105152
1616132
1609022
1502021
1102101
1615022
1407161
1008062
0301042
1304071
0908061
1108102
1311061
0703142
0905131
0510112
0806062
0613122
1313162
0716022
0912142
0905112
0115071
0802101
1311162
1216051
0304151
0611012
0816111
0810161
1314131
1213062
0214042
0812021
1213151
1111052
0513011
0305021
1602022
1402081
1001062
0409091
0406121
0612052
1513012
0301161
0602031
0803081
1106141
0711102
0107032
0611112
1511021
0702142
1302162
0316162
1609072
0214102
0615062
1007031
1209102
0701052
1105042
0411051
1004142
0903032
1309121
0302072
0714032
0304051
1513022
1112152
0909131
1106122
1606152
0213131
0409111
1209132
0702101
0306082
0816161
0309151
0106121
0915082
0413112
0914071
1010132
1606082
0512061
0807152
0207021
0113132
0115011
1602052
1501042
1110081
1608082
1609092
1406012
0304021
0816022
0203031
0516031
1111122
0607151
1015062
0611122
0801051
0711032
1105091
1212152
1116012
1006072
0315011
1103021
0302091
0311112
1601141
1508072
1413102
0109132
1102131
0407022
1504102
0412052
1614012
0714132
1011012
1404021
0907042
1403092
1504161
0814081
0103112
1102052
1202112
0912092
1004112
0303091
0902081
0609081
0309122
0814141
0515092
1116032
0907111
0708071
0510071
0301092
1610062
0707112
1313062
0210072
0409132
1215072
1010022
0506101
0404061
0109012
0905032
1610081
0306012
0516091
0915152
1605151
0211102
0904061
0616071
0205122
1007011
0703152
1501022
0303072
0506141
1208152
0111161
0713111
0310102
1612072
0906142
0914021
0211081
0913042
1409061
1411072
1103052
1107091
0506142
0101111
0806051
0504021
1612022
0804052
1210152
0612062
1409112
0611072
0403011
0603041
1314061
1016032
1407141
1105081
1116151
0305041
0805071
0104051
1405131
1505101
1401141
1609151
0609022
0107052
1004021
0703052
1212011
1401061
0803142
0814152
0414112
1416142
1506092
1012131
0516052
1112132
0208112
0908052
1203072
0203121
0806101
0714111
0407092
0311091
0204162
0814091
1104082
1306102
0615102
0314051
0702051
1203071
0904042
1203081
0202131
1204121
0205032
1515112
0402111
0602121
0712121
1108142
0203072
1003022
1207041
0116052
0710022
0604052
1616042
0511061
1502081
0210161
0208082
1313092
1016081
0203142
0305112
0115062
0703051
0114042
0508021
0505141
1303012
1414152
0705152
1602061
0310042
0409072
0513022
0513161
0410061
0403112
1504051
0807142
0204151
0512092
1606101
0604081
1206062
1405132
1416062
0206111
0801162
0103081
1012141
1511132
0707041
0410111
0814021
1101141
0502081
0714071
0412092
0816071
0701031
0904122
1105142
1612071
0305071
0807021
1204092
0115021
0903062
1208052
1414031
1106072
0302021
1505072
0316112
0802091
0307151
1203152
1110102
1610092
0601131
1302152
0915161
1108111
1309102
0706121
0705141
1106082
1602162
0208081
1103042
0206071
0911132
0609101
0415161
1210101
0806111
1413152
0112142
1616012
0803082
1014122
0307052
0503062
1310052
1103082
0313091
1207112
1510021
0116042
1512082
0508041
1603042
1414052
1112071
1610011
1301152
0508031
0309102
1010162
0214101
0401162
0513052
0703122
1114092
1308162
1407081
0612021
1212041
1008052
0409042
1302142
1216091
1015071
0907011
0608062
1114141
1307161
0704101
0203051
1015131
1309141
1011072
1607152
0910021
0308082
0309082
0714131
1613142
1516151
0504052
1015061
0506082
1305101
0109141
1215121
0815021
1015021
0404122
1316031
1101041
0705122
1111142
0802032
0307011
0406091
1607092
1216061
0401051
0607101
0505161
1108131
1201031
0107061
0813082
0909071
0910041
0513081
0710161
0603132
1602131
1004081
1006112
1216121
0601132
0806082
1302101
1412162
1409092
0509081
0713091
1005141
0914132
0806011
0416101
0512031
0507011
1509021
0707022
0712112
1009111
0904101
1501102
0311141
0507102
0614021
1607102
1013032
1511082
0101031
0114091
0615041
1203012
1103111
1005101
0605042
0610041
0906161
1407041
1211122
0416052
1302122
0703032
0205081
0608052
1611042
0610161
0412011
0905031
1607051
0309131
0606161
0309052
0414062
0606061
1013091
0308042
0306052
1102162
1304042
1012062
0303041
1306042
1416102
1414162
0915142
1116162
0709132
1606142
1012021
1207151
1407022
1505051
0810032
0506111
0212132
0108081
0416091
1413041
0101152
0709042
0910011
1211131
0604152
0210022
0516162
0102032
0216132
0411092
1305132
0605052
0504062
0815051
0809031
1505122
1407052
1502022
0312022
0413121
0712051
0802141
1313022
1510082
1510012
1311152
1504162
1105112
0603011
1412071
1215012
1006111
1102152
0901052
0607021
0714042
0408081
0507092
0604112
1301032
0905082
1111042
0601162
0315032
0201101
0402151
1003011
1605062
0811061
1303151
1010041
1001132
0915122
1213141
1410012
1609061
0503072
0806142
1108062
0509161
0707102
0516152
0412021
0706082
1108011
0915102
1002111
0611141
0811032
1614112
0905122
1005142
1010092
0810031
0907112
1604032
0306081
0102142
0716071
0105052
1001061
0302061
0713031
0702022
1501142
0708022
1304051
1515092
0112161
1001112
0603091
1205141
1016012
1016021
1102021
0516022
0702012
1106031
1309052
0507151
0908022
1606091
0704032
0114061
1006071
0514031
0604012
1010161
0504151
0814151
0316102
1605021
1216092
1606112
0502111
0212022
0401102
1512151
1615052
0409161
0411132
0604021
0313141
1215132
1216151
0905041
0115151
1305022
0704152
0812141
1215011
0708132
0902041
1014052
1314092
1205082
0616101
0907021
1608121
1207131
1203092
0709061
1207141
0305142
1510161
1201042
0713051
0504121
1412111
0114072
0302082
0716101
1108151
0813042
0705041
1104062
0603142
0613132
0716151
0814031
0506122
1003091
1201161
1308041
1415022
0914062
0510031
0812051
0213141
0610072
1403061
0814101
1211142
1314142
1506081
0710142
1409051
0311072
0811012
0204121
1410141
1108132
0904111
0907121
0702021
1303111
0910031
0701032
0803131
0816062
0115022
0204112
0612102
0503132
0104031
0406122
0208121
0916012
0406042
0314041
0611152
0315031
0905081
0506121
1514022
1607091
0906111
1012111
0807162
0408111
1014062
0910071
0301012
1616052
1515132
0205162
1510101
0313011
1416081
0714142
0805042
1104061
0809032
0110141
1104021
0507132
1206042
1313051
0307091
0703091
0707141
0216111
0515051
1108161
0803102
1013041
0108042
0604132
1302012
1012121
0108052
0201141
1206132
0809022
0410142
0909061
1302041
0212101
0310152
1515121
0110092
0311022
0309092
0608022
1314022
1409032
1008072
1014012
1112142
1204162
0804102
0613111
1502061
1514161
1211102
0107021
1412122
1101081
0215022
0604022
0213022
0801061
0911112
0315132
0301131
0409032
0508111
0403131
1510152
0612162
0216122
1012132
0414042
0710122
1011082
0306061
1111032
0405021
0105012
1005152
1203142
0705072
0702102
1415161
1607041
1408141
0414021
0415032
1405031
1302121
1213152
0201162
0903121
0507111
1308062
0806152
1613151
1615021
0803101
0202081
1215131
0403021
1111151
1214161
0513042
0610051
1206091
1310101
0311011
0807112
1615141
0515132
0510081
0712062
0113161
1107111
0309081
1414062
1508162
1203062
0506021
1003112
0312132
1204131
1216082
1405062
0513012
1303132
0615071
0307021
0602132
1508022
1008041
1207081
0102111
0815112
1203022
0609042
0601082
1303141
0514142
1412152
0608051
1105022
0916102
1316062
1413031
1013052
0207022
1011161
1611021
0912082
0201111
0610062
1504101
0406101
1212082
0815132
1501072
1305032
0310061
1501071
0704142
0208092
0805161
1302021
1601022
1014091
0409142
0316082
0203112
1310141
0505012
1612132
0216151
0806141
1214092
0712162
1305031
0803012
0805132
0316091
0806061
0708072
1103161
0910112
1507031
1008111
1513021
0614051
0308092
0305092
0414022
0107091
0905011
0103122
0415041
0312062
1505141
1508082
0214082
1303061
0412071
1502161
0904012
1310021
1008141
0113122
0502051
1613012
0801142
0513032
1405121
0403141
0505082
0611011
1511011
1108112
0301142
0307022
0608031
1201061
1109072
0401072
0712072
0916062
0711121
0502151
1616161
1504041
0715042
0812061
0104151
0716121
0114071
1503012
0213071
0906101
0608042
0808022
1107021
1606081
0804091
1410062
1113031
1216062
1312102
0915092
0313022
0616032
0804051
1010082
1208082
0704042
1514101
0802031
0109151
1004161
0112122
0514032
0704132
0607132
0908122
1005041
1205111
1202011
1214061
0304162
1204112
0914042
0501032
0207102
1503141
1107102
1306131
0816132
0615152
1513101
0410112
1311121
1210132
1208091
0703112
1313102
0502132
0111032
0611081
1105021
1106012
1514091
1215041
0913032
0509091
0415082
0804022
1114161
0813111
0108021
1411152
0912102
1106011
0508112
0708061
0912091
1308081
0702141
1506042
0205102
1105122
0914012
0901032
0905091
0503151
0510132
0501131
1413122
0912132
1610071
0101062
0907142
1112031
0412151
0113152
0704072
0315111
0106062
0804142
0302032
1507071
0303161
0812111
0216102
1305131
1306081
0608121
0314131
0416111
1206131
1416051
0101032
0810042
1412081
0614062
0403041
1103102
0616161
0902161
1402051
0916072
0514051
1405112
1406092
1311141
1211091
0305102
0704051
1107092
0806102
0510052
1105052
1404161
1614152
0701042
1509012
0908152
1416122
1014152
0910142
1105092
0614091
0806122
1301021
0214122
0215031
0410032
0102061
0803151
0914041
0916042
1110141
1303041
1013102
1610052
0212112
0613141
0404132
1505142
0308112
0116112
0116162
1101122
1604082
1016101
1203011
0113112
0713161
0301112
1113051
1301102
1411082
1411162
1608041
0803051
0603081
1414102
1212022
0110122
1202031
0109081
0603131
0712161
0102141
0713102
1605081
1511151
0516011
0209011
0116011
1006031
1507042
1212151
0813031
0207041
1501162
1411111
1201041
0402021
1101072
0609041
0410022
0215161
0301111
0802131
0105082
1512092
1408112
0307071
0510021
0307081
0203081
0505042
0401082
1603041
0107101
0511031
1203032
1411081
1012032
0913131
0204042
0903091
1616101
0211022
0206131
0308101
1614021
0110101
1406031
1407082
1109052
0407151
0711051
0209161
1110091
0603021
1316112
1611082
0114121
0314012
0312021
1204012
0208142
0608011
1016011
0611052
0313111
1211082
1203141
0812151
1415151
1506032
0507072
1603061
1111031
0713142
1309122
1213052
1014112
0412112
1116141
1112051
1415071
1501161
0114022
1101102
1209012
0408051
1602101
0907131
1203122
0512131
0209051
0812072
0309132
1205112
1007132
0305031
1316052
0704121
1504072
0908161
1215111
0501051
1508032
0316042
1509142
1509051
0911102
0904102
1305052
0516042
0707011
1510121
0105031
0406021
0104062
1012162
1605022
0902111
0614122
0511141
1316082
1206052
0303031
1208062
1102121
0909072
1106102
0304041
1410152
1308031
0605092
1311031
0501161
0806131
1214052
1604121
1112151
0605122
0301121
0109122
1405022
0602061
0502162
0902112
1205132
1506121
0514012
0704052
0910081
0403092
1603142
1009042
0614111
0406141
1315142
0303102
0514122
0204041
0104111
1107052
0315092
0716052
0710041
0110072
0904071
0114162
0501142
0413051
1114041
0706042
1311161
1502091
1108012
1414032
1612102
0111092
1313052
1204061
0406151
1616152
0808082
1215022
1204101
0908101
1106112
1014072
1015151
0514071
0515162
0802151
1003141
0202161
0707132
1010121
1615102
0603101
0112152
1216112
0903081
1110142
0615072
0914161
0213152
0215122
0408071
1406041
0304012
0211072
1003082
1613032
0613081
0611121
1215092
1108092
0714031
1014131
0110081
0110052
0205161
0901081
0402032
0409101
0105122
0103091
0601042
1103022
0102161
1313091
1604161
1208012
0209032
0309042
0716031
1212131
1408111
0306142
1613162
1214121
0114101
1515142
1213082
1212051
1109101
0102011
0203062
1112141
0812012
1208072
0202102
1616072
1604011
0812102
0205152
0603012
0711141
0206102
1207051
0115081
1502032
1611072
0701151
1310102
1105162
0313142
0810082
1605041
0116082
0912141
1109151
1301031
1612081
1210011
0306071
0105142
0516082
0602081
1011062
0802121
0106011
0312041
1216081
1304111
0502121
0601071
1305162
1303091
1501122
1213081
1202062
1101021
0109082
0516111
1212111
1613062
0801141
0102131
0601031
0212021
0506072
1304091
0908142
0809072
0407082
1602072
1309081
1411142
1109012
1612011
0514041
1111112
1008162
0414052
1116132
1301022
1316151
1205011
0910022
0306092
0116111
1613121
0801111
1011152
1611112
1207052
1103081
0316052
0309161
1301071
1509072
1612151
0709022
0210112
1508122
1103041
0613131
0705121
1002011
0511072
1114062
1101082
0111121
0405042
0715131
0209021
0716041
1110161
0212071
0106132
1503022
1313061
1308151
0207032
1413111
1003062
1311101
1011081
1507072
0308071
0413092
0807102
1212161
0202151
0416161
0610131
0911041
1605051
1605112
0105102
0102081
0909151
0612121
0214041
1012082
0905161
0702052
1312051
1003142
1403131
1204141
0614092
1110022
1014051
0615082
0204161
1509061
0401021
0106071
1305061
1509161
1211041
1214152
1511052
1112082
1303031
0713011
1405162
0206081
0910152
0509061
0805092
0310071
0705042
1204142
0303132
1402101
1516031
0709101
0406011
0601152
1315152
0808152
1009092
1006032
0308122
0506051
1608072
0609141
1502102
1315011
0416051
0811112
1307132
1612141
1101031
0509092
0703061
1512091
0401101
1409072
1516071
1306082
1309072
1613031
0506071
0910132
1313031
1507082
1406071
0209061
1512011
0712012
0914081
1016161
0714161
1206041
1405152
0901121
0314161
1111051
1215152
1313082
0715142
0410071
0307031
1414011
0809112
1016162
1315031
0308061
0104022
0411061
1615081
0414141
0516101
1411101
1104112
0305082
0912041
1512031
0706101
0305141
0608061
1510022
0506152
0410122
0311041
0809052
0108141
0601011
0606021
0506032
1410121
0215141
1106081
1201122
1313132
1607072
0216012
0416121
0212122
0101142
1612052
0515061
1307031
0111081
1016132
1209071
0102112
1613101
1301162
1103141
0306152
0511131
0206041
1206092
1315102
1513051
0810011
1610141
0714061
0401151
0813022
1503092
1609142
0716072
1215112
1604081
1102081
0202152
0608132
1309021
0708092
1414021
0305051
1609012
0210132
0801151
0907152
0901122
0812071
1106142
1213102
1413151
1210142
1613071
1307042
1013072
1209082
0111062
1507111
0114011
0104112
0206141
0405041
0913152
1408081
0402072
1002072
0314152
1615072
1410051
1513122
0405132
0914162
0611161
1102092
1512121
0915071
1314021
0115042
1608061
0413151
0802051
1113141
1116021
0507071
0706052
1315151
1101162
0108082
0404092
0110161
0309061
1404041
0610132
1510072
0111152
1410091
0808031
1601021
1015112
0604122
1014071
0508092
0816101
1612082
0709111
1502071
0211082
1003121
0101041
1013141
1104051
1601072
1315022
1302011
1201012
1303022
0909112
1204161
0510122
0301162
0909052
0302121
1315132
1502151
0503082
0415061
0705142
0809082
0205092
0911082
1504012
1313152
0304092
0416071
1010091
0902042
0804031
1016151
0106152
1303142
0910042
1111011
0408152
1010102
0407152
1414012
0402012
1408102
1301072
0215011
0113061
0211061
1607151
0413041
1407021
0810131
0911081
0116091
0314021
1413162
0712092
0907072
1509031
1412142
1110121
0611021
1315042
0503092
0211132
0514132
0312141
0516131
0407062
0112041
0709081
0610122
1001091
1008051
1401131
0507042
1004022
0310081
0807131
1402112
0707021
0608012
0214072
1115142
1010062
0807151
0411081
0201031
0809101
1602031
1209112
1612111
1106161
0907101
0509021
1615062
1110162
0106081
1011132
0809092
1216052
0801132
0101061
0202091
0208061
1209122
0604041
0416061
0704112
0409041
0216011
0913061
0710061
0610082
1203051
0415022
0816072
0407011
0201081
1312012
0711041
1013082
0107141
0102021
1509112
0602122
1114091
0616131
0510061
0306112
0412091
1510122
0805101
0108101
0212082
1316061
0404151
0903152
0814051
1406132
1503161
0505061
1604142
0401062
0312102
1207031
0815141
1513142
1602051
0208051
1013121
0714151
1208041
1005161
0814022
1604052
0312011
1514111
0415021
1309042
0509042
1101022
0115131
0513082
0216041
1014121
1611131
0903162
0611051
0911032
1206111
0213121
0602141
0814102
1510102
1010151
1210161
1607071
0815072
1109022
1201062
0416022
1413161
1001072
0511112
1211011
0703161
0611131
0404142
1206082
0613052
0809051
0303122
0901041
1006101
1013161
1115071
1416162
0412062
0203131
1305051
0914022
0914091
0211112
0609131
1607031
0404121
0509152
1112131
0202162
1414042
0312052
0105151
0116051
0414151
1611162
1515051
1413112
1114011
1611142
1105062
1212052
0705162
0505101
1306022
0806072
0902092
1201102
1314051
1408131
1401121
0616041
0501031
1412092
1303011
0605112
1413141
0515081
0407052
0301022
0216152
0402082
0210131
0613031
1213061
1202131
1009022
0613051
1601101
0708021
1007131
0307161
1413011
0504091
1004091
0804012
1514151
0609142
1303121
0213052
1501121
0605152
0510102
0104021
0103051
0201161
0903082
0606111
1511071
1303082
0309032
1201072
0402132
0113041
1409031
0802022
0706032
0813052
1307141
1608052
1313021
0415122
1011142
0204081
0112102
0804082
0803022
0407141
0910032
0513091
0908021
0402061
0912052
0311161
0312092
0514141
0402011
1605091
0704071
0915021
1107062
1013022
0501052
1011051
0314142
0710092
1516142
1001052
0314071
0707051
0703101
0316062
0205111
1304062
0401132
0316041
0115092
0912122
1604071
0509111
0410141
1410021
1611151
1405042
1505092
0616081
0715122
1606092
0212081
1616142
0414012
1514062
0708042
0614112
0111051
0806021
0901131
0208022
1007112
1101152
0614061
0807012
1502162
1513052
0816142
0616022
0216162
0601112
1211151
1001111
0405101
1305062
0314122
1208011
0708112
1604061
0612101
1105131
1009051
0816151
1212142
0403072
0509101
1513092
0315051
0512101
0407071
1109082
1008022
1411041
0304082
0516012
1505022
0415042
0713141
1105141
0301051
0907032
1503032
0101081
1309101
1313131
1004152
1409132
1508081
0413012
0914151
1608092
1008031
0502011
0213021
1307122
1209011
0106042
0605151
1315081
0609012
0111112
0208011
0605131
0813081
0611031
0312131
0815131
0302101
1615152
0205082
0409051
0907091
1614071
1314081
1411012
0805041
1110112
1412091
1111061
0214092
1301142
1611032
0816052
0610031
1011151
1201141
0212072
0702011
1607101
0506102
1608011
0503042
0808042
1506031
0510072
0512141
1311032
1611092
0316051
1213041
0609121
1306052
1005081
1513061
0105032
0206112
0202062
0107162
0715121
1102161
0209091
0801092
0902152
0412051
0307082
1311082
0315112
0507152
0310032
1407142
1216011
0211031
1308092
1406142
0708161
0414082
0310072
0913092
0211042
0713081
1416121
0405112
1303051
0312091
0113121
0511092
1011071
1311012
1604112
1306142
0713092
1406061
1210091
0102132
1502051
0902131
0501132
1611121
0509122
0508022
0502032
0508161
0911072
1002081
0815091
0801102
1606132
0316132
0209082
1611091
1407051
0416102
0407111
1013042
0114032
1204032
0206062
0516121
1012112
0514022
0206151
0713052
0511051
0204052
0503102
0514052
0316141
0311012
0213132
0510162
0303062
1416052
0308021
0913121
0716122
1109011
0912162
0409022
1208042
1310041
0801042
1401082
0215081
0702092
1101112
0610081
1113142
1304162
1604062
1516062
1605122
1607011
0908041
0911092
0312151
0414142
1409102
1012151
1013101
1006132
1411011
0412142
1213091
1312112
1513151
1404011
0404101
0405071
0112151
0313082
0402081
0312161
0604151
0605051
1309161
0603082
0609162
1306151
1202081
1503051
0703082
0709062
0608151
1005011
0903132
0314022
1012122
1310112
0206132
0314101
1602102
0916032
0512041
1615082
0505052
0912161
0205151
0815121
1105032
0507021
1616061
0305081
1505121
1005032
1212132
1209081
0304071
1011011
0804162
0705082
1514041
0311092
0813141
1309152
0205072
1606062
0205012
0104122
1410122
0907141
1508041
1507162
0504061
0404152
0814072
1508021
1503101
1502101
0110021
0408042
0614041
1308012
1503042
1615162
0312142
0414102
0508131
0606122
1213092
0314112
1216141
0702162
0511071
1107071
0201072
0310121
0301021
1103012
0810072
0816092
1414151
0602032
1603141
1601071
1509162
1112092
0915011
0103142
0107092
1011102
1307081
0807061
0814122
1108122
1415011
1309092
1514012
0603151
1202061
1405141
1507141
1113131
1402012
0101072
0506042
0205132
0203022
1004132
1108061
1210072
0716091
1214072
0307121
0803021
1014022
1405051
0410151
1416091
0310022
1104031
1005071
0304072
1510011
1411091
0616092
1404151
0911122
0906071
1510041
0212091
0208131
0514081
1305082
1215052
1316032
1204111
0712111
0412111
1006152
0809061
1113162
0902142
0507142
1312092
1408031
0114131
1414082
0807121
0306042
1501151
0608141
0111131
1106062
1502122
0106102
0406061
0607082
0415071
0703121
0401092
0803032
1008152
1202041
1304061
1503162
0914101
0512012
1202082
0809122
1303131
0313151
0310012
1507021
1214142
1501082
0408031
0607052
0705132
0805122
0511032
0707082
1013012
0309022
0601022
0911141
0606142
0301091
1302112
0713151
1013151
0507131
1613091
0713012
0308151
1511012
0908082
1501111
0811081
0907012
1606111
0312032
1514072
1310091
0512072
1601012
1314082
0415012
0104011
0809091
0216071
1501152
0202092
0905062
0104072
1511091
0314061
1006162
0803052
0101092
0602042
0601141
1609132
1513091
0405012
1401042
0103161
0214012
0403151
0210092
1607141
1003021
1412031
1305091
0909142
1512041
1003072
0405052
0602012
1608081
0402101
0211012
0613072
1506051
1508091
1615041
1403162
0708142
1516032
1403151
1011091
0708131
0601012
0303081
1606012
0808052
1306161
1016062
1507012
0706092
0708081
1014162
1116131
0416041
0509062
0114021
0207071
0403101
1207122
1514051
1212061
0102151
0711071
0716061
1209091
1312141
0705061
0502091
0909011
1009132
0602072
0614011
0810101
1609082
0410131
1006141
0302102
1605142
1309041
1004052
0208072
1301111
0701121
0904032
0403022
1214081
0701012
0406012
0609112
0714051
0807052
1004092
0905142
0516032
0816081
0109091
0409122
0901111
1508161
1110151
0503011
0114122
1414092
0605031
1607142
1213101
1010032
1205122
1010122
1303081
1308121
1008131
0711101
0903112
0413131
0510091
0615012
1516112
1212072
1307011
1615031
0703041
1015011
0810022
0510121
1107142
0915012
1103072
1609112
1615101
1115061
0516122
0106031
0209121
0801031
0511022
0707131
0804132
0916082
0212151
0404112
0207031
0712142
1506071
0811042
0116031
0812122
0209081
0602022
0715081
0510032
0108051
0313162
1415072
0513141
0813152
0505152
1101142
0912061
1208142
0415151
0101042
1616062
0104091
0914102
0102082
0112081
0911151
0912011
1104092
1415042
0606132
1507061
0901012
1307052
0814042
1413081
0303061
0908141
0210151
0303092
0803122
1014111
0308161
1601091
0205142
1301041
1412132
0715061
0814082
1203111
1504111
1407091
1403021
1515022
0604091
1002101
1510061
0204102
0805112
1002071
0903142
0912051
1401011
1213111
0404071
0809132
0914011
1404091
0305122
1012081
1008032
0607031
0816162
1609091
0103062
1610021
0706062
0406041
1513132
1514042
1007161
0903102
0506131
1015162
1312132
1008091
0207082
0207141
0715082
1006161
1202072
1314052
0909122
0902072
0314072
0413142
1202071
1313151
1409012
0108041
0401032
0707092
0511151
0811062
1405091
1201081
0103152
0615142
0109052
1505082
0106022
0314091
0802092
0814161
0505041
1414131
0909082
0102102
1103091
1205032
1214021
1010021
0508012
0913062
0415092
1212102
1516121
1112162
0108072
0606091
0105131
0802102
1103151
0407021
1007151
1005102
1510132
1207012
0909021
1108091
0203102
0915061
0412162
1112112
1603092
0612081
1410151
0706152
1215082
1611081
0710152
0805121
1501112
1003032
1315082
0812152
0212032
1316101
0106041
0716112
0215091
1013021
1107051
0312051
1406052
0315042
0703132
1316091
0916081
0105091
1501032
1207021
1013152
0309112
1313081
0714011
0906132
0812091
1011041
0313052
1502042
0407161
0105071
0709161
0306031
1004062
0109041
0502141
0807081
0506091
0214021
0214152
0502082
1105111
0603152
1005061
1404152
1404082
0812092
0515131
0201012
0204152
0914051
0807041
0709152
0109031
0202061
0514082
0610042
0416131
0707032
1110052
1614062
1111072
0215112
0508032
0406111
0515032
0403162
0606092
1116142
1514132
0102031
1104022
0901142
0502112
0813071
1110051
0811071
1602151
0710111
1114061
1611122
1511101
1612101
1008112
0512042
0208012
1604012
0603141
0402142
0205091
1210032
0603051
0607102
0810091
1015101
0403142
0515141
1107031
0107111
0610101
0707031
0313092
0808132
1608112
0302161
1111101
0111122
0706012
0513051
1601111
0513162
0413032
0115161
1506102
0910162
1612031
1614061
0810041
0904051
1412121
1616102
1005121
0107161
0701091
0605161
1101011
1109041
0408092
1115092
1610082
1614042
0703072
0605071
1611012
0913081
0415052
1506101
1006131
1115031
0901062
1012072
0415062
1313141
0303112
0413082
0909141
1113122
0515021
0811162
1308082
1113071
0502031
1113101
1403132
0909031
0214091
0503111
0514021
0606042
1514032
0202041
0310041
0913012
1610061
1211061
0508042
0810081
0212062
0811132
0906032
1304121
0508052
0810122
1306032
0104092
0205112
1506122
1102022
1509082
1011121
0708012
1114111
1112032
1413131
1114102
0210011
0305162
1008061
1601102
0503032
0210141
0304122
1515042
0508091
1005072
0713162
1510062
1214012
0808161
0509082
1513162
0507112
1616141
1007152
1213131
0113101
0104152
1114042
1605032
0405102
0605162
0202021
0609092
0505132
0206052
1209151
0116152
1310161
1412062
1208022
0610151
1608022
0914061
0114152
0504071
0508062
1610031
1215032
0203141
1507022
0616111
0403052
1613152
1209162
0805141
0207161
0209041
1312062
0314132
1508061
1214132
0108102
1002062
0206091
0814071
1607112
1102142
1308141
0611082
0512111
1603081
0904072
0707072
1115152
1509022
0205052
0206162
1315131
1205161
0414031
0908132
0611102
0901042
1309071
1408142
0910012
1506011
0304061
0705012
0410012
1508101
0602052
0909162
1516052
1314062
0111091
1209092
0111141
0414152
0113092
0101022
1210041
0615111
0703102
1602152
0413132
0916162
0912131
0604072
1505031
0603161
0302111
0816031
1008122
1315112
1012061
1404061
1206032
1114031
0715132
1411092
1413021
1212081
1503152
0710032
0609072
0714072
1509111
1504141
1110101
1113061
0604161
1510081
0115121
0709031
1101062
0210042
1011162
1614051
1605012
1311102
1416082
1509151
1616121
0113052
1310062
1614022
0304011
0605061
1408082
0411042
0512162
0509012
1008102
0713082
0710162
0411151
0216032
0401131
0611071
0404012
0913041
0413011
1313101
1310061
1110072
0313031
1203131
1116071
0212102
0409081
1014102
0805081
1101092
0110162
0602011
0107022
0103151
0105121
1302081
1005042
1407122
0604141
1004032
1615071
1214031
1505111
0111072
0414072
0711091
1610091
1612122
0405121
1414051
0813061
1006012
0402052
0703012
0204132
0916122
0216121
0806091
1508141
0508101
0413062
1313012
0110102
0706051
1207121
0203091
0616102
1211021
0711042
1415152
0613021
1209042
1411071
0214121
1501091
1506091
1305081
1313071
0607072
0203061
1315141
1514052
0606022
0915121
1315052
0113142
0213111
1115141
0408062
1113112
1009162
1412101
1609021
1513131
1009031
1015041
1311112
1208071
0511082
0405011
0615121
0310091
0405072
1111091
1504091
1516111
1008082
0711151
0403062
0515022
0803112
0102042
0905101
1310032
0106142
1416132
1515152
0304152
0806151
1003151
1105121
1315092
1512042
0408082
0113151
0805072
1116011
0612152
0715071
0904161
1202121
0310021
0901162
0306072
0311162
0302062
1510111
0505091
1507102
0616042
1006092
1013131
0115102
0309142
0308012
0307032
1506151
0205051
0507022
1407112
0102162
1615122
0805062
0816082
0310142
1505132
0411102
0905021
1404121
1302032
0406082
0515062
0809121
1203161
0112121
0215061
0210111
1601092
1502121
1016122
1603082
0913071
0912031
1602012
1514071
1213042
0201121
1606102
1411031
1608141
0611092
0213102
1116031
0506112
0404052
0706151
1112101
0210031
1211071
1412131
1516132
1313112
0215051
0706111
0109142
1416141
1001161
1301122
1416032
1601121
1201111
1005112
1016111
0907081
0602102
1410101
1412061
0508121
0103141
0514011
0311081
1002152
0404131
1612121
0405152
0806092
1113032
0204142
1606021
0211162
0109051
1410022
1007142
0509031
0605072
1113152
1614072
1110012
0412131
1412012
0401152
1506152
0705102
1401152
1116072
0916152
0607161
0701041
0908121
1608162
0214051
0802071
0314141
0104042
1101161
1504132
1416151
1604091
1010131
0213091
0713042
1508132
0702032
0516141
1408051
1016112
0714162
0806052
0412102
1311081
0111021
0107112
0414011
1305111
0804021
1510131
1312111
0102041
0807141
1505112
1007111
1015082
1407092
1010072
0805102
0214162
1115021
1514102
1516092
0707012
0715152
1312162
1514142
0202072
1615061
0114111
1006021
1005151
0404031
1406141
1406161
0704021
0208162
1512072
0812011
0205071
1404092
0213051
0710151
0910062
1107151
0208041
1002131
1009152
1109121
1610121
1505102
0213161
0108121
0306162
0603111
1405011
0815101
1607082
1115151
1209061
1211042
1614132
0207122
1514011
1605061
1612021
0402141
1007021
0806132
0714121
0615122
1405102
0304121
1403071
0705081
0505151
0209162
1606052
1104032
1114142
1404071
0601161
1113102
1402061
0709051
0514112
0605022
0511132
0307111
0815071
1306092
0807062
0804071
1410092
1209052
0302141
0311071
1414121
1004012
0401052
1004082
0701111
1208121
0902071
1208081
0507122
1101051
0316122
0809042
0809012
1213142
1103131
0705052
0714101
1307121
0109062
1008132
0714152
0415091
0302162
1003051
0404111
1209142
0810012
1005082
1407062
0605081
0114081
0314011
1107141
0513072
1305121
1002032
1403121
0703092
0808112
0116092
1313111
1307021
0503021
0108091
0215092
0908111
0208152
1115102
0510111
1216102
0602071
1406151
0710112
0201011
1209121
1315101
0213151
0202071
0811151
1009082
1113062
0501021
0614132
0613041
0402131
0607152
1406102
0208141
1604152
0410152
0406071
0206161
0707042
1111062
1514122
0606141
0108152
1310151
1106021
0402031
1415112
0609051
0712021
1015161
1206051
0301101
0915022
1102061
1603151
1004111
1314031
0107071
0206021
0806032
0611101
0302131
0713122
0502022
0814092
1406091
1312152
0613071
1610032
0109121
0716152
0710102
1506162
1507101
1603121
0811011
1603021
0904092
0212162
0411112
0508162
0409071
1202132
1302092
0816141
1114101
1601031
0113102
0510092
1315012
1610152
1004151
0415132
1508031
0506081
0405062
0910141
0410031
0312061
1204031
1404052
0212121
0706041
1014032
1203042
1515141
0614102
0413072
1415122
1007061
1601011
1207111
0111071
1511092
0101162
0503162
1311072
1612152
0313061
0113081
0210162
0210052
0708091
1104091
1210051
1310011
0911042
0704122
1616011
0316022
0101141
0906162
1310071
1514061
0706112
1207061
1211132
1313121
1601062
0808051
1404072
1203091
1310111
0308091
0913051
0904131
1303071
0707111
1006042
1410052
1113081
1516072
0706162
1509081
1606032
1501092
1308112
1609042
0209151
0214081
0112031
0503101
1405092
1604072
0411152
0711142
0502131
1212112
1016071
1403112
1316162
1607012
1106071
1312082
0612072
0404041
1311022
0303131
0606011
0702062
1114082
0607111
1008071
1611052
1201011
0110032
1514141
0911111
0701011
0109162
1215122
0510062
0815142
0307101
1501011
0701112
0701132
0115072
1208051
1002142
1306112
1314121
0710121
0714092
1312072
1110021
0904152
0815102
0911061
1401032
0415051
0908162
0413122
0610052
0611162
0713071
1515091
1403072
0609151
0209111
1405081
0413162
1604031
0303101
1302042
0109112
1415081
1213031
1011021
0402051
0907162
0311032
0811101
1201131
1112052
0410062
0510131
0110061
1411112
1206101
1504061
0502052
0413141
0614152
0507161
0413071
0103012
1115082
0407041
0606151
0107042
0715022
0516051
0403031
0508081
0803152
0911142
1115101
0507091
0505111
1516161
0701071
1103061
0207162
1305011
1503091
1508042
0209112
0315162
0701081
1101071
0806161
1309031
1015032
0706022
0207151
1107121
0108111
1204051
1210081
1402032
0604162
1611102
1415031
0704131
1201091
0711132
0605121
1614082
0412072
1607052
1106101
0316031
0712101
1116111
1513111
0809162
1615161
0201052
0102121
0110022
1503062
0316101
0711011
0509022
0903131
1203132
1104141
1114072
0504042
0609132
0906042
0215062
0601052
0609011
0603072
0208091
1416101
0812161
0205121
0307122
0205021
0805052
0207142
1006121
0816041
0208161
1204122
1110111
0801012
0212061
0209031
0315061
1614151
0101161
1609071
0605011
0406051
0213101
1215021
0205131
1603052
1112021
0516092
0904142
0409082
0206051
0708152
0308131
0203082
0213042
1115022
1402041
0906051
0501041
1213011
0603122
0915141
0307112
1502062
0313021
1504092
0510152
0816152
0701142
0812121
0408061
0304031
1311011
1406021
1009121
1102091
1203121
1603071
0608041
0401121
0303082
0704082
0601081
1206152
0601122
1005092
1014081
0903161
0208042
0501061
1402082
1005062
1002052
1604041
1510092
1116082
1612042
0416062
0505071
0101091
0510141
1015022
0702151
0515071
1402132
0304022
0408021
0808121
1009081
0101151
1210131
0802041
0809152
0814032
0502102
1208102
1014061
1116161
1304072
1201092
0308142
1315062
1104081
0107152
1511051
1610112
1315061
0207052
1511061
1301121
0908091
1516041
1304012
1509052
1009011
1416072
0314102
0311082
0407091
0613151
1006091
1405072
0808012
0602082
0714022
1209141
0209122
1304102
1210162
0708141
0705031
0606012
0702071
1310131
0613092
0615112
1604141
1101012
0716012
1106151
1102072
1514021
1401081
0406052
0811111
0808092
0714012
1303152
1203102
0308081
0916131
1502092
1211031
0301061
1007141
1108072
1302102
1209152
0101012
1106132
1510091
0502041
0715051
0614141
0715062
0515151
0315062
0116161
1408041
1116022
0205041
0313042
0503152
0803111
0105011
0605142
0805152
0611111
1013111
1312052
0313081
0108031
0201051
0604071
1016152
0510012
0508141
1108162
1214131
0215121
1313032
0304112
1505162
0102071
1609052
0712091
1205021
1603062
1509141
1006062
0310131
1110092
1411032
0204031
0303142
1307142
0406062
0805151
1301161
1507011
0804152
0804111
1401092
1408011
0913111
1103062
0210091
1111041
1113092
0204092
0913151
0810112
1108141
0802132
1309132
1001162
1508142
1512022
0604102
1214141
1509101
0402092
1415021
1510071
1306062
1007052
0908112
1510141
0501091
0901091
0216112
1408052
0602051
0816091
0503052
1005012
1604151
1114032
0902101
0710101
0215162
0509112
1007072
0612141
0209092
1513042
0403061
0710062
0403042
1616082
0307062
0203101
0901021
1315021
1208032
0414131
0616062
0604082
0914092
0101101
1216031
0907061
0504152
1603051
1406032
1002042
1604042
1116112
0501101
0615052
0211161
0616121
0316011
0401071
0206152
0907092
0908131
0815122
1611132
1207022
0408072
0304081
0711082
0107142
1403122
1513141
0805061
0710051
0501162
1007121
0511152
0505162
0308022
1505131
1211052
0906102
1607032
0916101
1012042
0613011
0310112
0404051
0503122
0204071
0816102
0311101
0404062
0405122
1314012
1314091
1513152
0809062
1504011
0404141
0712141
1005022
1113012
0207112
0812131
0614031
0901132
1214162
0102092
1107112
1113151
0302041
0813051
0206101
0603061
1008142
0803132
1410032
0509052
0903072
1514152
1413142
1503151
1302062
1407111
1602161
0106032
1505151
0505122
1416112
1010012
1415041
1608062
0704041
0811121
0716032
0316152
1212141
0308051
0413022
1105012
1105082
0715161
1310162
1607042
0515042
1305151
0704012
0808122
0408022
0801122
1111110
0000000
