1202011
1602141
0209121
0804052
1505142
1003162
1203122
0707022
1616091
0211102
0901051
1316122
0714131
0716092
0213102
1215022
0310111
1108012
1513132
0705042
1514102
0814122
0508092
1307012
1309022
0912031
1013041
1102082
1113121
1005021
1402082
1108162
0407142
0109021
1306012
1015091
1104121
1108021
0305132
1203131
0201052
1604121
1104012
1213032
1310132
0707061
0712012
1011091
0711132
1611012
1404101
0113061
1013011
0315072
1313101
1601022
1513072
0902141
1307052
1416122
0109132
0304072
1301151
0505051
1314121
1215162
0107131
1213162
0407151
0415042
0202071
1308091
1016102
0608102
1313011
1615121
1007112
1413162
0902092
0311052
0316071
0606161
1306042
0202012
0107161
0510122
0108141
1104032
0515031
0909112
1307011
0701021
1607031
1302012
0406161
1401091
0103041
0616062
0808112
0903042
0115162
0204151
0413112
0915112
0102072
1303162
0615022
1004032
0508151
0210021
0608131
0716042
1415151
1503022
0301121
0505101
1413032
0615162
0816011
0409092
1505071
0315061
0505012
1108081
1201081
1211101
0316091
1402111
0603062
0711161
0208131
1602082
0916041
1601061
1612081
1412141
1608012
0701131
0616052
0712072
1605142
0601142
1116081
0607111
1301041
1415141
0105032
0805082
0115071
0208142
0907081
1205141
1010081
1013022
0105161
1206011
1216141
1503112
0712081
0514092
1215102
1403082
0407082
0305012
1208031
0306012
0301032
0914061
0401142
1614162
0413031
1515101
0902161
0809131
1102052
1409032
1203051
1203052
0504021
0914091
0316042
0806061
1312022
0605162
0606071
1501081
0304021
1603071
0313111
0209141
0804082
0915122
1207071
1407122
1212072
0216051
0514152
0605071
1410162
1505141
0115061
0811062
0613121
0609142
1305062
1103051
0204161
0701052
0906101
1009022
1613071
0605041
0307091
1611062
0304151
0706151
0411051
0916071
0203141
0507032
0506011
1003082
0811162
1106071
1616031
0404052
0905132
1314151
0908061
1303142
1002032
1304031
0901161
0115092
0909122
1616041
1114062
0304141
1609151
0312161
1215091
0402021
0914151
0407121
1511111
0609011
0116021
1009051
0412141
0611061
1610012
1209031
0713142
1608031
0314112
1607062
1402131
0201082
0610041
1603101
0202051
1407082
1501161
1214102
1405022
0911071
0402121
0603082
1416111
0506022
1605052
1314102
1610162
0213071
0908141
1210031
1510091
1214072
0306032
1513021
0206071
0503102
1609161
1411162
0312061
0914141
0402091
0303091
1314141
0106091
0710142
1403011
0408061
0209061
0812142
1407161
0315111
1407032
1516141
0610122
0404131
0513052
1505042
0710082
0507012
0114092
1604161
1510132
0701142
1306102
0113021
0201142
1608042
0210162
0509051
0304131
1208152
0411032
1606112
0213151
1201031
0412042
0511141
1611101
0309032
1210041
1314091
0307101
0313102
0614101
0514102
1305081
1014121
1309162
0610011
0616122
0802051
0216111
1203062
1601011
1016042
1002162
1602042
1503161
1603021
1413141
0509092
0405032
0105061
0701042
0903091
1315052
0308131
0416042
0412032
1307151
1614102
0808152
1202122
0414161
1309062
1615032
1510042
0510021
0203011
1204011
0113072
1210032
1215092
0801102
1001141
0207052
0301091
1109021
0913141
0904092
0710012
0608132
1507091
1609131
0110061
0712091
1606161
0109091
0312152
1211151
0314142
0816052
0904082
0701132
0305022
1009062
0311092
0711052
0511021
1012082
0310112
0307072
0510141
0814111
1203071
1315072
0502112
0108102
0610052
1207042
0610092
0608051
1213012
0706011
1610161
1013042
0207091
1103031
1601111
1503092
1504042
1407121
0107091
0414062
0710051
0414012
1209021
1112102
0207162
1214122
1112052
0713081
1405021
0908051
1616151
1108142
1014111
0208161
0513022
0408131
1015031
1106152
0302161
0804121
0814081
1607021
0415051
0714132
0916102
1507092
0308041
0804132
1313091
0208102
0901112
0212042
1301051
0302112
0416051
1315131
0510091
0705072
0213021
0612052
0612071
0616042
0707162
1104092
1109132
1114022
1015161
1508021
1202071
0207031
0506162
0511132
0114071
0708152
0509152
0905162
0409121
1509062
0412142
1214152
1414112
1504162
1209011
1501022
1113052
0112032
0402071
1108031
1213161
1214162
0413052
0205061
1313071
0314121
0404102
0503052
1216101
0407062
0304162
0811131
1104122
0815151
0308022
0714121
1409101
0904031
0115011
0314122
1514041
0910112
0110041
0110101
0311021
0313041
1608081
0414132
1206032
0911131
0602022
0709122
0605122
1005102
0213132
1304032
1415152
0111062
1601021
0605141
1016131
1306021
1201062
1404021
1002131
1301131
0313162
0102021
0112011
1001102
0903081
0105102
0207062
1316031
1516051
0504161
1007052
1014101
1513051
1116161
1103041
1401061
1611161
1008081
0804042
1307101
0905101
0515151
1005031
1509142
0404021
1202111
1208121
0811121
1315091
0610132
1412071
1310081
1509022
1612121
0712051
0210132
1602011
0701121
1111071
1215111
1613122
0513161
1516132
1111042
1214031
0903041
1407051
0207141
0314041
0814152
0201042
1304082
0611022
1402041
1109142
0104081
0102111
0715112
0510061
0613062
1412042
1007021
1116072
1004051
0702091
0515052
0102061
1607161
0711042
1503071
1110062
1113011
0910131
1411052
0915022
1209052
0414041
0212011
1210022
0504041
0105151
1412121
1201011
1315132
0310052
0310152
0315012
1013122
0906152
1106091
1111142
0507042
1101162
0814042
0309091
1206112
0203051
0601071
1115152
1401122
0404062
0906161
1114061
1512081
0205162
0704041
0615121
0515091
0415162
0108091
0505052
0704061
0805152
0808122
0613022
1015101
0704072
1215161
0810042
1603022
0513162
1115061
0311162
0403032
1516091
1604091
1013081
1215121
1205101
0205082
0611062
0911032
0112061
1314021
1208041
1316012
0504141
0715161
0108032
0216041
1508071
1004081
0102152
0506051
1204152
1207111
0309082
1404122
1306122
1412021
0512081
1604031
1604061
0601062
1313121
0611051
1004102
1202072
0608092
1616152
0816061
1209142
1116031
0715072
0604102
1106012
0704031
1005091
1204052
1015072
1003092
0315082
0515061
0604091
0413121
0211111
0215161
0410072
1210082
1209042
0714052
0703111
0116111
1414161
1614082
0913081
1014151
0308141
0712162
1313082
0508012
0705082
1316111
0416032
0215042
0815072
0304101
0708042
0711072
1401121
1611162
0703051
0408032
0816142
0903011
0416151
0906011
0209152
0415152
1602071
1615041
1612091
1308061
0805011
1503132
0101131
1003072
1605112
0104121
0401072
1215041
1610121
1302042
1013092
0513111
1614062
1507022
0502092
1210141
0513112
0204132
1416081
0106141
0411162
0715132
1604142
0314012
0215141
0101152
1516082
0309152
0206021
1113012
0716121
1314032
1312102
1303152
0312082
1510141
0809101
0205052
0909051
1304102
1115041
1208162
1308122
1015142
1606061
0510152
0113142
0806142
0302062
0911092
1511031
0511162
0507161
0907142
0605032
1116062
0310101
0114102
0705102
0105092
0413122
1514071
0809121
0703132
0801022
1505102
0414141
1309012
0601081
1402132
0114121
0405161
0514071
0607061
0803051
0314091
0204131
1609121
0802152
1506051
1403032
0710121
1006081
1311161
0803022
1009151
1004052
1012051
0311112
0308052
0711101
1601051
0704131
0509062
1605132
0501121
0704052
1405121
0303012
1014072
1205162
0906051
0211142
1601131
1206041
0311081
0509012
1110031
0110111
1013012
1515082
0616151
1306121
0514062
0714101
0802072
0707111
1507161
1101131
1003032
1207082
0601111
0606032
0212162
0505071
1611052
0602131
0501082
1007122
1403061
1309071
1202162
1414141
0514091
1602091
0701081
1406051
1210071
0711011
0801071
1012061
1203142
1205072
0605152
1506092
1008101
0303151
0104072
0609021
1308141
0406162
1306031
1305022
1407031
0613031
0510111
0208072
0912042
0414092
1010122
1508022
0903102
0412082
0215121
0811141
0901121
0706102
1301111
0113071
1211011
0905011
1501051
1004011
1408091
0208112
1302102
0112121
0214021
1301081
0908101
1308151
0615021
0814022
0901052
0915052
0405111
1015042
0916161
1215072
0607052
0509091
0511101
1604051
1508042
0808162
1116121
0203021
0813142
0614082
1005092
0407071
0801162
1115092
1306072
1411102
1411151
0102102
0502152
0710102
0716102
0806131
0101141
0305121
1614152
0207121
0603061
1603051
0409051
0303121
0402122
1510022
0712142
0513121
1001051
0816031
1216071
0305101
1102161
1516122
0803132
1410111
1615102
0315152
1205061
1612101
1201082
0308071
1208022
1512121
0607142
1208082
0607012
0116011
0214131
0104021
1102131
0905062
0504051
0911122
0414042
1109072
0515162
0111142
1502031
1505152
1108042
0506082
0411072
1405081
1404161
0101091
1515152
0109032
0903142
1012131
0209081
1413071
1613111
0912101
0213012
0114112
1403031
0410092
0612032
0504031
0215101
0305031
0816101
0902071
1608141
1110021
1402121
1306151
0602031
0212091
0301141
1214121
1608152
0613111
1014061
1513071
0712052
0314141
0607082
0811052
1116132
1601082
1306131
0916052
0813121
0709061
1203081
0309111
0809141
0806031
0404141
0212101
0912041
0716071
0516141
0715091
1007011
0511112
1509121
0903132
1415062
0906142
0208121
1312042
1506122
0707082
1601012
0514162
1005122
1111151
0606111
1003022
0905061
0606052
0215012
0704142
0208041
1505082
0812041
1012161
0403052
1508152
0504071
1402112
1014011
0516071
1504041
1603052
0801052
1413112
1510062
1506132
1513042
1602031
0716081
1504012
1302081
1416152
1510052
1205142
1003112
0906022
1014062
1309112
0406071
0106112
0405031
0615102
0314082
1604151
0309052
1007032
1107101
0205142
0312022
0115161
0212151
0802131
0702132
0103122
1112141
0816091
0706061
1310012
1415022
1308131
0203022
1516121
0506132
1104081
0113031
1101042
1511032
1611051
0803111
1208072
1312012
0910041
0714112
1308022
1007061
0711082
0611071
1012152
1611121
0409011
1513061
0807032
1216121
1510151
0503042
1010032
1114141
1004092
0103111
1208142
0208082
0707092
1010092
0606112
0816161
0614062
1412041
0811042
0403011
0202022
1107152
0204141
1504051
0604131
0303051
0302012
1404141
0812101
1506061
0901011
0113162
0911132
1011152
0702041
1416141
1110082
1511131
1010142
1511101
1416012
0810032
1103072
1512051
0412102
0710132
1510121
1606132
1611032
0312071
1103071
0908052
1501071
1213152
0804081
1302152
0803102
1212032
0211022
0914131
1316141
1604112
0103081
1304092
1116162
0302032
0612082
0406142
0409102
1110041
1613041
0714071
0813022
0704081
1307152
0515142
0914031
1013052
1613082
0112062
1609152
0805062
0706072
1516021
1209122
0409081
1401021
0809161
0413071
0512091
1110121
0105052
0207021
1602012
0603072
0804012
1613012
0414072
1413081
0311062
1408121
0315011
0601032
0616162
0910022
1513161
1604022
0412132
0708101
0401041
1105042
1613081
0604071
0607151
0615082
0206102
1005032
1208012
0809091
0802042
0903082
1108131
1306132
0813112
1411131
0204102
1113071
1511162
0201161
0913041
1511061
0604042
0903072
0614061
0308142
1110061
1510152
1415132
1114041
0811112
1402102
0605091
1604132
0205092
1201122
1607101
0108052
0106152
0910051
1008022
0816152
1606131
1501032
1308142
0507051
0803072
0414111
1404041
1206161
0913072
0404101
0307131
0105122
0913092
1109042
0810041
0314052
1311021
0708122
1007042
0302141
0905072
0809162
1516162
0114032
1006132
0401011
0802112
0215061
0703022
0715031
0104031
0516151
1010031
0616092
0110012
1308052
0413022
0115121
1413102
0309142
0312101
0712101
1404082
1312112
0310032
1012121
0806052
1314101
0309132
1110052
0312142
0716122
1101072
1114072
1416112
0107021
1114051
1404042
0304071
0909092
1605161
0402101
0908092
0401021
0602081
1315101
1616071
0805091
1414101
0109152
0808151
0606021
1013062
1309151
0106151
0914052
1608151
1203032
1102092
0702052
0807162
1210011
1412082
1314022
1201131
0407042
1613072
0614161
0611152
1010161
0312092
0409152
0710022
1207102
0312121
1304101
0104011
1104071
0713042
0606082
1406041
1316021
1416051
0111052
0303052
0513041
1012101
1203132
1610041
0505151
1115052
0106042
0213052
0113011
0309071
0815092
1205121
1007062
0609112
1104021
0314151
1310152
1601071
0313152
0104091
1502162
0211061
1016052
0808142
0312111
0814102
1108152
0912022
0105111
1005082
1002151
0714111
1415111
0508162
0303011
0110072
1413011
0205161
1311071
0906151
0408052
1312081
0512122
0802141
1109062
1615082
1015122
1108091
0210142
1112091
1601141
1509102
1608061
1004021
1404152
0212072
1616062
1108071
0914081
0404071
0311091
0305161
1110071
0102112
0905092
1603112
1507012
0815161
0113152
1414032
1103101
1213062
0413142
0510102
1007152
1003102
0205102
0310131
0407101
1014022
1606151
1316032
1505052
0106041
0315071
1316132
1203102
0501111
1213092
1013101
1103082
0301012
1106022
0915071
0108162
0812141
0601162
0804112
1611081
0403142
0513081
0203152
1104091
0601091
1102022
0713022
0305071
0909091
0706162
1305092
0203082
1303062
0412022
1509141
0213092
0603071
1106131
0809142
1202012
1016101
1515121
0508112
0314131
0508082
0516012
0112072
1505011
1214111
1415101
0405121
1016031
0704071
0202081
0602042
1616121
1004152
1304142
0302092
1313102
0511072
0811132
1101061
0202131
0903162
1406092
1208161
0210141
0215112
0215142
0906042
0501071
0507151
1410081
0107122
0206112
0112112
0208162
0402051
0816121
0815052
1514082
0812061
1313161
0708141
0707012
1004141
1501122
0915162
0508101
0901031
1008122
0307121
1608021
0804122
0607162
0209101
0215041
0510041
0809151
1103012
0203101
0815121
0910161
1305122
0410122
0504082
0603051
0615112
1206132
0508152
0210012
1102012
1302062
0501011
0610131
0501132
0107072
1609011
0302101
0705071
1602072
0308092
0608072
1611011
0205021
1101101
1102032
1207141
0101121
1511062
0315161
0307052
0205041
0615032
0613071
0302131
0809032
0803031
1515111
1309061
0101061
0308061
1507021
0404031
1305131
0316072
1415091
0513021
0504011
1610081
1204032
0408041
1106072
1214011
0514122
0303022
1509012
0905141
0307122
1409012
1510021
1216032
1006122
1303051
1405032
0912161
0412031
1012052
0306121
1415112
1616072
0512151
0803042
1212042
1202101
0202062
0801072
0912102
0114152
0903152
1109141
0702071
0508071
1009041
1511041
0315031
0612062
0116161
0915102
0911081
1512111
0109071
0505141
0913102
1410072
1203082
0113051
1015162
0611121
1610141
0507102
1405092
1502021
0213121
0209032
1613062
0707042
0806012
1215151
0302152
1015111
0403062
0501061
0802102
0714032
0502122
0714011
0801121
1501031
1603141
0711031
1313051
0212052
1010112
0709062
1210062
1001022
0803121
1113031
1514061
0114111
0913122
1402012
0903051
1206072
0807112
1014042
0506091
0103082
0111081
0316021
0807151
0608151
0913032
1403122
0707141
0410152
0316022
0806051
1403071
0810122
1004062
0912131
1401031
1004022
0814012
1603012
0307142
1607082
0414162
0507112
0613072
1104082
0111102
0610112
1006111
0213051
0214091
0708021
1408021
0216031
0709051
0815162
0802062
1516152
1012011
1311011
0503051
0202082
0507121
0405072
1108102
1412031
0514121
1214082
0804051
1509132
0201152
0914112
0712152
1407131
0514132
0202142
1407102
1116152
0602161
0403021
0103131
0111042
0815071
0412122
1416151
1104161
0315042
0609152
0908102
1310071
1416061
0709142
1513031
0515072
0212092
0516102
0507072
1204081
1002121
1207011
1606032
1305111
0312021
1403052
1412152
1016021
1614161
1209041
0801082
0503031
0605151
0506111
0313132
0715102
0614012
0111131
0806161
1512052
0201072
0610082
1410142
1601091
0108072
0210052
0902091
0907111
1014081
0714092
1514111
0404161
0205141
1109102
1410161
0806141
1406021
1009052
0816151
0612111
0403031
0516031
0615101
1402042
1615012
0302061
0609042
1004142
0707121
1216122
0715081
1014102
1514032
1113022
0202151
0911021
0612152
0315122
1315071
0603081
1112061
1310022
1116071
0815061
0913071
1211082
1002161
0210072
0505162
1010072
0111141
1609111
1513012
0302072
0603102
0707161
0712061
1505021
0116052
1602122
0304032
1211022
1601041
0511052
0310082
0508141
1007072
1214092
0905052
1408151
0209062
1001071
1614091
1007012
1309131
0211062
0902152
1213011
1404132
1506131
1203021
1509091
0609082
1111041
0216011
1107012
1514072
0809102
1502041
1511161
1507051
1406062
1609042
0713111
1212012
1613152
1610072
1406011
0716051
0907061
1602152
1303082
0503132
0910152
1605131
1201132
0108132
1309132
1102141
0310061
1416162
1113061
1316081
0306081
0901142
0914042
1016051
1416021
0714152
0901072
0912052
0914041
1313142
0812161
1506142
0313112
0907042
0613052
0511092
1103091
0416091
0912011
0616141
1416022
1204122
0106032
1515081
0109031
0316081
1115132
1306091
1509031
0703032
0715151
1212051
1405142
1307102
0812102
0615081
1504101
0301082
0912112
0605062
0907032
0806041
0911091
0502021
0202112
0207042
0308132
0510072
0716141
1110081
1316061
1104152
1501112
1512162
0712021
0509021
0611091
1107121
1516072
0802081
0909071
1004012
0905081
1213072
1611122
1503062
0504122
0914011
0901081
1501021
1609041
1505111
1114152
1608142
0906112
0416122
0608161
1209131
1601122
1314111
0804022
1101062
1412032
1301011
1316071
0602082
1106081
1602102
0909161
0303072
0102101
1609102
1110011
1313081
1105052
0302071
0302052
0716011
0303031
1515122
0315062
1514142
1308152
0804071
1412062
1003151
0315141
0409141
0105142
1402162
0811012
0103152
0805051
0415102
0308082
1316142
1003051
0411012
0306112
1312121
1506102
1316011
0703052
0801042
0205122
0510032
0607141
0509141
0915092
0301021
0909022
0210151
1016012
0908151
1101071
0910061
0510131
0111032
0505142
0810082
0909102
1303132
0203031
1405102
1615011
0311012
0210161
0916091
0811102
0814141
0601051
0506122
1212081
0805031
1301012
1605012
0907102
1509112
1216091
0910151
0914012
0214151
0211072
1613161
0609151
0801061
0508131
0408152
1605072
0711062
1104062
0515051
1204031
0909062
1006161
0607011
0115151
1303141
1310131
0901022
1313132
0109081
1204012
1511052
0104032
0109022
0615091
1307111
0415032
0905102
1404071
0114012
1314122
1110022
0303142
1212022
0508102
0403091
1509021
0206081
0211132
0511031
1311032
1403152
0416081
0308051
1011022
0704091
1615042
0309041
1203041
1615161
0507122
1611141
0101122
0805132
0803071
0903052
1001131
1204041
0109122
1012021
1415061
0916042
0301101
0614122
0606101
0902051
1515022
0616081
1215032
0207151
0811161
1403072
1006071
1007141
0107051
1614131
1107042
0205071
1107061
0104122
0715082
0203112
1016061
0601101
1001021
1508052
1513122
1304042
1312082
0109151
0815081
0805021
0115111
0809011
1111091
0716082
1403132
0416162
0502072
1113162
1605032
1202161
0114022
0802032
1113132
0109102
0515092
0304142
1015141
0202111
1514122
1211081
1515051
0708081
0316122
1316062
1501101
0415161
0814031
0204112
0114131
0102132
0511041
0102051
0411081
0416031
0401101
1605152
1605021
1102101
0604122
0215082
0408132
0901092
1006022
1505151
0215132
1411141
0115101
0806092
0810031
0105031
1113051
0706042
1016071
1615112
1611071
0601161
0113111
0501101
0910162
0307162
0311022
0816021
1304152
0315081
0808131
0809071
0713132
1304081
0508072
0505092
1608111
0411161
1007081
1309052
1016022
0402151
1007102
1008092
1309072
1012091
1401042
0713162
0606031
1312072
1301032
0704112
1309042
1201071
1501082
0116082
1507032
0702152
0115142
1505132
0708102
0916111
0515121
1303122
0107132
1008031
1010111
1402152
1408142
0514012
1508112
1512102
1313072
0111152
1103102
1606011
0103102
1201042
0713011
1014031
0111051
0605121
0702121
0513012
1010062
1209081
0507152
0302151
0310091
0909111
1608092
0115042
0308111
0307161
1215132
0109052
0914082
0916031
0616051
1201021
1305041
0512131
1113072
1613131
1401131
0313042
0415022
0108152
0613141
0109121
0803141
1502011
1508101
1601052
1210102
1016032
0616061
1502101
0511151
0909141
0510162
1213121
1609092
1105062
0404022
0208052
0313032
0609102
1105072
1315042
0202122
1108072
0508161
0912162
0905091
0705051
1301112
0115052
0605131
1404121
0916162
0203161
1505121
1013112
0607031
0602021
1608131
1002071
1115082
0606092
0908162
1415021
0709091
0508121
0706111
0616072
1103151
1109032
0108022
1306142
1511071
1507111
0211042
1109091
1212132
0206161
0309141
1501151
0914101
1211142
1601081
1116122
1409092
1315012
1403101
0603161
0715062
0612131
0710162
0209112
1007041
0201151
1616012
0311152
0910092
0412052
0512141
0104142
1102111
1310042
1613032
1604062
0301151
0806151
1512011
1214062
0107052
0610152
1108082
1614151
0603011
1407141
0416022
1012071
0911061
0304092
0106161
0215092
0714051
0114051
1008142
1211051
1605011
0813122
1502132
0501022
0905111
0508091
1308092
1612102
0304081
1604011
0913051
0116022
0509042
1515012
1001112
1015071
1201121
0104061
0108101
0516091
0714012
0210061
1001041
1014032
1503051
0603092
1212102
1513152
0805022
1514091
1016111
0912081
0711111
1102051
0602061
1511011
0406131
1407041
1404011
0514142
1411121
0103061
0506161
1512042
0916121
0702162
0511062
0405021
0911052
0602071
0703161
1302032
1407162
0703012
0608082
0206121
1415142
1104141
1502032
1504061
0503112
0504062
1613141
0207072
1506111
0605072
0702031
0908142
0306142
1407091
0805142
1516081
1011081
0413111
1208062
1511082
0105011
0310072
1304052
0111021
0109051
1513112
0508041
0308021
1206012
1312032
0512072
0513152
0208141
1002091
0509142
0216022
0915061
0509041
1408052
1407022
0405141
1306111
1003062
1616132
0813062
0816042
0404111
0211051
1211111
0510022
1312092
1014021
0104042
0612061
1308021
1016121
1504121
1401081
0802061
0808092
0807131
0813041
1008041
0208122
1406152
1410032
0808091
0606132
0913021
0207132
1002081
1103162
0515111
0209051
0205131
0402022
0916132
0406072
0604092
0409012
1010071
1504122
0305122
1611031
1615151
0309151
1308072
0805061
1508061
1008071
1416142
0814062
1207092
1107011
0715122
0713021
1401062
0115051
0602162
0613082
0115032
1301102
1504022
1609101
0706112
1607111
0511042
0611082
1512032
0901091
1108011
1515041
0713131
1105092
0216122
1012132
0901061
1202081
1402011
0507041
0910122
0416152
0810142
1302072
1010152
0308112
1007142
1104162
1604092
1311162
0610062
0816032
1501111
0904131
1615022
0912072
0314051
1213102
1116101
0509161
0115141
1302092
1016162
0115112
1213101
0106031
0609111
1606141
0308101
0902132
0909162
1014131
1103141
0207122
1315032
0306161
1115112
0511102
1116022
0202061
1506082
0102122
0708011
1401082
1213111
0813042
0514032
0703081
0301011
0606042
0114082
1606012
0505161
1611111
0416102
1304112
0111022
0506012
0611162
0101151
0606121
0412051
1105091
0316121
0810091
1301121
1513052
1605082
1413101
0104082
0613091
1610052
0906061
1301082
0616111
0416101
0513082
0212022
0303042
0602012
0710092
0308122
1208032
0402061
1212142
1110012
0414102
0713121
0908161
0208011
0213042
0901151
1502061
1308111
1604041
0516111
0101081
0207041
0505031
1603121
0613011
0404072
1607091
1603062
0508081
1114162
0801032
0806032
0905112
0315021
0316052
1603132
0304062
0206062
1510162
1107021
0106022
0313031
1510122
1511122
0716062
0909101
0703131
1507042
0404151
0801041
0812031
0815101
1115062
1111121
0212111
0416132
0715092
0302142
0807021
1505131
0814151
0501122
1410071
1204112
0316012
0413061
0510151
1105131
0409122
1303121
0510121
1001161
1111162
0812091
1009152
1411152
1004101
0215072
1109071
1007092
0710021
1610032
0808051
0202101
0610012
1104011
1102062
0714062
1402032
1413131
1309101
1605141
0607101
1106042
1208042
1404091
0309042
1010021
0907071
0813021
1009081
1112042
0301161
1409042
0816102
0603151
0504132
0111071
1311082
0703041
1511121
0701152
0901062
1409061
0805162
1513101
0101011
0513061
0604162
0607081
0904062
0402042
0110032
1301092
0613012
1005161
1113151
0904142
0911082
0808121
1203141
1614081
0204021
1309021
1101152
1304091
0813151
0214051
0702022
0301102
0213072
1513142
0207092
1513102
1302132
1002132
1412161
0603141
1514152
0110022
1109082
0110091
1613052
0607071
1404032
0302081
1405162
1404102
1414111
0113122
0112111
0910032
1502102
0303131
0813082
0110142
0404041
0412111
0214121
0406081
0501092
0902162
0310121
0805032
1112161
0411152
0816122
0712082
1304131
0508132
1105041
1603161
1413062
0305111
1315102
0812122
0314132
1104132
1208061
1003121
0714041
0312151
0509131
0407061
0610071
1102081
1415162
0113102
1512061
1215052
1307131
1607121
1208111
1507141
0707142
0410102
1309141
1604012
1214032
0409161
1314162
0210051
0913091
0812062
0408092
1415081
0313082
1602051
1107151
1113111
1311131
0411111
1602032
0616032
0112051
1201162
0713122
1511132
0709022
0608142
0604061
0306022
0707041
1605061
0807121
1510071
1106041
0404091
1305051
0405082
1516112
1108051
0916112
0311042
0201121
1303112
1608072
0512112
0212131
1002052
1012081
0416092
0305021
0711032
1308161
0116041
1611102
0901102
1412122
1211131
1206042
1109061
1605121
0807011
1501141
0304091
1513162
0506152
1414142
0905161
0906021
0810051
1305052
1405112
0405012
1409082
0308012
0702131
1515162
0201122
0316161
0908011
1305021
0411052
0101161
0207101
1202021
1306092
1513092
0911042
0711151
1508032
0814092
0413062
1609132
0701061
1512101
0107041
0811051
0810011
1216092
1015152
1008162
0215011
0215062
1012072
0103162
0116112
0514081
1403112
1406072
1202152
0808061
0816072
0210152
0403162
0804142
0205081
0502031
0809152
0813061
0610032
0212021
1206052
0705111
0909131
1312011
0713152
1102031
1205011
0307041
0810021
1503131
1015012
0103042
0804091
0206101
0412092
0302091
0410151
1311141
0110042
1606122
0603101
0303112
1209012
0716072
0903111
0501072
1515061
1305151
0707151
1202062
1110072
0807152
0511161
0601072
0602052
0404032
1516061
1412101
0305102
1115012
0215022
1107062
0213112
1104111
1508082
1311121
0711141
1013031
1103142
0209012
1312141
0111121
0115072
1203042
1405012
1605162
1211112
0613112
1011101
1313131
1416011
0609132
1503031
1313022
0708012
1303052
1503011
0911141
0504111
1108022
0708052
1408082
0908042
1612041
0507091
1004132
1106161
1015051
0116151
0613081
0106021
0516022
0902102
1315162
1213071
0403111
1507162
0615131
0406042
1115111
0111122
0907031
1513111
1004091
1412142
0607132
0916142
0901141
0104052
0108042
1312071
1310161
0915012
0601141
1508011
0709082
1506042
0802111
1502111
0210041
0101012
0504012
1404052
0603111
1611112
0304102
1201041
1112112
0214011
0706122
1006141
0509031
0401032
1214112
1315112
0513071
1611021
0907011
1512142
0313072
0615141
1003111
1410051
0807161
1110112
1215141
0711112
0708132
0812032
0110051
0908071
0310161
0909011
0511061
0616031
0307051
0808141
0912082
1513081
0213032
1202092
0409031
0714162
0304051
0313061
0113022
0802122
0516121
0710111
0202011
0707101
0915062
1605101
1316162
0609091
1002022
1112022
1402051
1615061
0815051
1202141
1305162
1404031
0409112
1107161
0811092
0604151
0905151
0712121
0306042
1307062
0311111
1502112
1002112
1105122
1315081
0613161
1109011
0506101
1212092
0105081
0904032
0406051
1003031
0906111
0509022
0411092
1603011
0411141
1408041
0112042
0816071
0401141
1216041
1310021
0203071
0207102
0908031
0909072
1416082
1014041
1014122
0403131
0312031
1510041
1502062
0108082
0212152
0802101
1408112
1606091
1204092
1411022
1013061
0607021
0608062
0302122
0212061
0301081
1207031
1011082
1406122
1411132
1606101
1403141
0102012
1016092
1210152
0803081
1116011
0914072
1114142
0608042
1411112
0306141
1404092
0501052
0314161
0713092
1403041
0902031
0710071
1004061
1209092
0808022
1403151
1510092
0613131
0107022
0514021
1403102
0806042
0207111
0410082
0611131
1411011
1309011
0206142
0916012
1101051
0513091
0815042
1505092
1110092
0316041
1207062
0515042
1004072
0608152
0304041
1013131
0701091
0206082
0506061
1203061
0102141
1210111
0308072
0903161
1002051
0111112
1515161
1101081
1205111
0911121
0601042
0210112
1112051
0709112
1011131
1205042
0707032
1204062
1315122
0812092
0316142
0512162
1206092
0910111
0406022
0401012
0813052
0608081
0203092
1213041
0801152
1011071
1111092
1008161
1611131
1607162
0310041
1608011
0202042
0216102
1410102
0908131
1510031
1001122
1003052
0105062
1315142
1301062
1604072
1402101
1501012
0104141
0501152
0303161
1209022
0515081
1308071
0406061
0205072
1612132
0808042
0204142
0514072
0512032
0907052
1309122
0611132
0704161
1512132
1412081
1005052
0614091
1116051
0110071
0902082
1005012
1314031
1413151
0416072
1002082
0116121
0409131
0409132
0214042
0305011
0614102
0403072
1016122
1211062
0206162
0711162
1309041
0216061
1503061
0302102
1206061
0502082
1412052
1411142
0515101
0701151
0705022
1215042
0415041
1216072
0914121
0307012
1504132
0515021
0205031
0204051
1202052
1109081
1014141
0415062
0812071
0903071
0702122
1416101
1604081
0403071
0108131
1612092
1314052
0602142
1211122
1612152
0409082
0603131
1210092
0502091
0307151
0514101
0606011
1009161
0912152
0807051
1408141
0206061
1109161
1110152
0809122
0614032
0315041
0807132
0501081
1307141
0313142
0512102
0615042
0104102
0712102
1510102
0514031
0913142
1305091
0212062
0212112
0708041
0815102
1210161
1315151
0513072
1203031
0504151
1207091
0314162
0101092
0610051
0204121
1214012
0109082
1009082
0313051
0310132
1207052
1005111
0213031
0805141
0303071
0701072
1416071
1112021
1113122
0211082
0705031
1610051
0412112
1201112
1115051
1610131
0108012
0313071
1009101
0604011
0214041
0714042
0803061
0113101
0614162
0612051
1310032
0906082
0110082
1502122
1502131
0603122
0408142
1207161
0706022
1613092
0605061
1603042
1207142
1308031
1603082
0606122
1203111
1412072
1002012
1416132
0811101
0814071
1115031
1201151
1316101
1513062
1109151
1412102
0902012
0814061
0705081
1305121
1412051
0902151
0203042
0411151
0801062
1112082
1512141
1513011
0901152
1105142
0103151
0503151
0110122
0414152
1208122
0410041
1210091
0316102
0513102
0509101
0502132
0208091
0211031
1614111
0914161
0713052
0403012
0711022
0708022
0405101
1205052
0505041
0804152
0711122
0802161
1414162
0903151
0515102
1015082
0914071
0203142
1611142
0408031
0208042
0603121
1114092
1312051
0114072
0614131
1502161
1613042
1516101
1513032
0313122
0212102
0713071
1107132
0107042
0807012
0709162
0707131
1314051
1003101
1504152
1401052
0505011
1007071
1006072
1115142
1306022
0706141
1106021
1501062
0709161
1301161
1406162
1308081
1010052
1414082
1510061
0409101
0709072
0802132
1601132
1611092
1313152
0706091
1104142
1105022
0415142
0915131
1307061
0316031
1105011
0915051
0112142
0209162
1315111
1415032
0114161
1610061
0612151
0107111
0410121
0512012
0912062
0107141
1502152
1403022
1303111
0413152
0208031
1007091
1013152
0312012
0816082
0807081
1114021
1112122
0201102
1116042
0815131
0414011
0502051
1614122
1103022
0401051
0109111
1013151
0601082
1116061
0914162
1315161
1606021
0310011
0714142
0505082
0410141
0116071
0505152
0714091
0508042
1613051
1104031
0311151
0815011
0803032
1409011
0416012
0408021
0415132
1410042
0202141
1001111
1016132
0905051
0605021
1002141
1315082
0211021
1001142
0102121
0201012
0707132
1503021
0102062
0602072
1102021
0313062
1008072
0204072
0615142
1315021
0515071
1206162
0415061
0208051
0702032
1011111
0313131
1612021
0615132
0403022
0703112
1013082
0414052
1209032
1306011
1006012
0405092
1113112
1316052
1101052
0606102
1303091
0608111
0815142
0304161
0815032
1616111
0412161
1313012
0212121
1314142
1009102
0810012
0301142
1407112
1607112
0807071
0904061
0214162
1110111
0507131
0612141
1609052
1606082
0507101
1215101
0604161
0108061
0812162
0516132
0801131
0906032
1412131
1111102
1508111
0502101
0604112
0108011
0108112
1411061
1414081
0306102
1213131
0705152
1405101
1606092
1301142
0916011
0709101
0408112
1610152
1008091
1105132
1115032
1116141
0107061
1215062
0211101
1514141
0902052
0303162
0709042
0404061
0315032
1403051
1309121
1603091
0416071
0209082
1411081
0712062
1302061
1502082
0415012
0203102
1214021
0206122
0801112
0514022
1008052
1007111
1202091
0701041
0201022
0506021
0715011
1204101
1416062
1503162
0605132
1107162
1401101
0203132
1313112
0501042
1504111
1114011
1404142
0715141
1211012
1501052
1503111
1109131
0309062
1106142
1616122
0101042
0310162
1204151
0206051
0812112
0814021
0206032
1606051
0108122
0308162
1207121
1514162
1515052
0607161
1103111
0609012
0915032
0313101
0710161
0510081
1609022
0407012
0811022
0712122
1611152
1212062
0105071
0303101
0304112
0311031
1008131
0607032
0616082
1302041
1609071
1111111
0706161
0310031
1204091
1316082
0811061
0513142
1004071
0706131
0203162
1406112
1613101
0716021
0208071
1603032
0308031
1014052
0808102
1516032
0202021
0808011
1011061
0710032
1608132
0212051
0102082
1506161
0702141
1016072
0713031
0104071
1410131
0507031
0503161
1303022
0616102
0916021
0113042
1516052
0807041
1403062
0602112
0909151
0713101
1202082
0608021
0707021
0116012
1215152
1313062
1102132
1506011
1504011
0810121
1401132
0416041
0710101
0913112
0401061
1214142
1413142
1613102
0412091
1613132
0706082
1505041
1102162
1613031
1501092
0301162
0911151
0513131
0307081
0302011
0216141
0516042
0612132
1309102
1109101
0515022
1214071
0407132
1309111
1607041
1210061
1505161
0101111
0206131
1514042
1306062
0815021
1201092
1311041
0102042
0505122
0808161
1414102
0913111
0315092
1015022
0111031
1404051
0208092
0306051
0608122
0310102
0106061
0311142
0711061
1516071
0503062
0507071
1301122
1002152
1508092
0307021
1514012
0107012
0507162
0206072
0201031
0309081
1106092
0216131
0604132
1402031
0204032
0314022
1508162
0911161
0110092
0902131
0505022
0407011
0108142
1304111
0612162
0108031
0214062
1110042
1606072
0402162
1508141
0705061
1003011
1615101
0901162
1010012
1201141
1607102
0111072
0806081
1606162
0512092
0201032
0204062
0814101
0804021
1601062
0303062
0901111
1204071
1512092
1207032
1106112
0211151
1104022
0407072
1616141
0614022
0113082
1515031
0407092
0408162
1006031
0306122
0511122
0302041
0216042
0501031
0116061
0916141
1007051
1302142
0609072
1409021
0610142
0709141
1212082
0201062
1205102
1310041
1308112
1409142
1105111
0914122
0111082
1102061
1401112
0703121
1307121
0916081
1405011
0704101
0407031
0909082
1305102
0108161
0309161
0509102
0705032
0103031
0213101
0901032
1109162
1504062
0507061
1007082
1216081
0716022
0111012
0116141
0116081
0904072
0513151
0110132
0216052
1102011
0907092
1101021
1114032
1109012
1507112
1201022
0401161
0704132
0709012
0301072
1004151
0115021
1006102
1510142
1009012
0307111
1104101
0510011
1414131
1308162
0915072
1610022
0112151
1010141
1506162
1201161
0502142
1603092
0108041
1610062
0406101
0706132
0901122
0101052
0410062
0915132
1107111
0613122
1106141
0907132
0113032
0514112
1115122
1214151
1004031
1208131
0508021
0807031
0411031
0703072
0315112
1006142
1513082
1514161
0615161
0708032
0313022
0803092
0512161
1216012
0709111
1202112
1003021
0611042
0813032
0908032
0406021
0911062
0708071
0815091
1009131
0401152
1005011
0112141
1204132
1211072
1609142
1402021
0413082
1408011
0314071
1104042
1613162
0910102
1615031
1601072
1503082
0514111
0915082
1313122
0116062
0902101
0907131
1507131
1609012
0516082
0714022
0715061
1305112
1505081
0315131
0913162
0609161
0804111
0306061
1306162
0712161
0710072
1003071
0204012
0913022
0301062
1102152
1508121
0416142
0715041
0309011
1606142
1504141
1613091
0504081
0301052
1011012
1302021
0413021
0808132
1111062
0309022
1511072
1414092
1612012
0216091
0207152
0801101
0411041
1603072
0615111
0305162
0413102
1204161
0304042
1408051
0105141
1307082
1108151
1115042
0902081
0509162
1310141
1113021
0405102
0906141
0606072
0501161
1103132
1513151
1404081
0608052
0809051
1409052
0915141
1114042
0106081
1504081
1214052
1401041
0207022
0708161
0616021
0111162
1112151
1111131
0412011
1507071
1505012
0906012
1402092
1612151
0708131
1304071
1512031
0815022
0611052
0915111
1009141
0415081
1415051
0710112
0915041
0716142
0210031
0113092
1213082
1602022
1609082
1316051
0912071
0302121
1206062
1606031
0105131
0209142
0603142
0301132
1103062
0410022
1109052
1411042
1614051
0505061
0105021
1412092
1201052
1212162
1603142
1012162
1105061
1602062
1613121
1613151
0813092
0401031
1607061
1305142
1407111
0608041
0704021
0516152
0401092
0601151
1004082
1111021
1310162
0402142
1112132
0314102
0701112
1412012
0303082
0110112
0814131
1401152
0503081
0507141
1303151
0501141
0702042
1314041
0705162
0303141
0112131
0813102
0116101
0507022
1002072
0716052
0115012
1206091
0209091
0114122
0207161
0214022
0904141
0912151
0402081
1512022
0815041
1107051
0211032
0913121
1005042
0109041
1007101
0607041
1409072
1610142
1115121
1307031
1007132
0810152
0913132
1012122
0301152
1612061
0206012
0409022
0404162
1416031
0410011
0209092
0316062
0308011
0508031
0907112
0602151
0603152
0708062
0610081
1405051
1511042
0904041
0713161
1213122
0803062
0213141
0405132
0405052
0703061
1308011
0415011
1501011
1501162
1502012
1405071
1009071
0103101
1011032
0304061
0710061
0401081
1612052
0705151
0206031
1406132
0409032
1315041
1302101
1107072
1009072
1603081
1213141
0504072
0113012
0603052
0313091
0911102
0312041
1515102
1213081
0807082
0114101
1609122
0906132
0708031
0116142
1205051
0610061
1414042
1310031
1116082
1004041
0803131
1207081
0114062
1114161
0615031
0502041
1410012
0405162
1311012
1403012
1407011
1604032
0205121
0204042
1609141
1503091
0703102
1610102
0301031
1608022
0105082
1216021
0202041
0201131
0214101
0306062
0207082
1115162
0509032
0503011
0909032
1402081
1508081
1212052
0810162
1116041
1608082
1615072
0614151
1212141
1508161
0602132
0205022
0610042
1408092
0909121
1414021
1011092
1304021
0909061
0802162
0312052
0208151
1001012
0605011
0805111
0701162
0108021
0206052
1008151
1311052
1515112
0707011
1012022
0908081
0503142
1005112
1005101
1011122
0910031
1105121
1406102
1205092
0402102
1609162
1216162
0514151
0711051
0211091
1402122
1210122
0601061
1502091
1113081
1115131
0504061
1014082
1401051
0615041
1604102
0615151
1301022
0409151
0702051
0415101
0703142
1306152
1405031
1201072
1111051
0403112
0711071
0808012
0504162
0210091
0903092
0215081
0601041
0412062
0114031
1515131
0108071
1409112
0306132
0802091
0906102
0815112
0703162
0210011
0709011
1508051
1601142
0414122
1312131
0603162
0814011
0916032
0810112
1316161
0916151
1613112
0601011
0504092
1206051
0606012
1303161
0402112
1108062
1505032
0202161
1302091
0704162
0707051
1016082
0109061
0901101
1316072
0602152
0316101
1112101
0504042
1612011
1304072
0716101
0907091
0306092
1307051
0310151
0712071
0801161
0714081
0105041
0212041
1205131
0315052
0508032
1015062
0113141
0212082
1108041
0911142
0214161
1416121
0703021
1503041
1015032
1001101
0612072
1608162
0213162
1415092
1412132
1203152
0310071
1614022
1105141
0415111
0413081
0504052
0216032
0906071
0815031
1002062
0509072
0815012
0510012
0513132
1005051
0116032
0403141
0504101
1108161
1610021
0809021
1516062
1001081
0109062
1213021
0416121
0703062
1210112
1415052
0604032
1111072
0507082
0814142
0106051
0505042
0604021
0808041
0602092
0413162
1209111
0502121
1006032
1311051
0906122
1409062
1112072
0708121
1110142
0315132
0705131
1005041
1514151
0515141
0411142
1002061
0116122
1607032
0916092
0608031
1408101
1514132
0210082
0611122
0510062
0606131
0414061
0107082
0209011
0508022
0110011
1002102
1005151
1311101
1302112
0407161
1515032
0614041
1107131
0716152
1112142
0101101
0411022
0114061
0211012
0507052
0113161
1412112
1007131
1401032
1006062
0601121
0803052
0608091
1302051
0307092
1605102
1110162
0304122
0605051
0913082
1509162
1205021
1516151
0810062
1115091
1607011
1407012
0609101
0116072
0713091
1602052
1316151
0101142
0111011
1212041
1315062
0503122
0608101
0516161
1206151
0504032
1206071
1516111
1116102
0411011
0713032
1607152
0705012
1304041
0403081
0315162
1216142
0407091
0207032
0402092
0107032
1607071
0309031
1307142
0908152
0516072
1111031
0115041
0511081
1510161
1213142
0402152
1214081
0906062
1102112
1202042
0302042
1013051
0216021
1009092
0608121
1616061
0409021
0416021
1309142
0116102
1507152
0106082
0704151
1607151
0612011
1605092
1016091
0314061
0904021
0911022
1610091
0213081
1001072
1610132
1402072
1213132
1408122
1114131
0212031
1301021
0409052
1307021
1603131
0115122
1502022
1316022
1614121
0616132
0414021
0515152
0305072
1411161
1307032
1211052
0405022
0301071
0308161
1110122
1001082
1212131
0312051
0404051
0806121
0211121
1105101
0212132
1103032
1502052
0209151
1105162
1514062
1511091
1504021
1304121
1102091
0607062
0508052
0905041
0907022
1601101
0203072
0211071
0602141
0406032
1309161
0909052
0403101
1607081
1603041
0216132
1001091
1113102
1110051
0201011
0104152
0807142
0904151
1111112
1108032
0202091
1502072
1209101
0702062
0403092
0614072
0208062
0409111
1009061
1004112
0613021
0607051
1010011
1304162
0706052
1406032
1614041
1011162
1507061
1610122
0516052
1401111
0715071
1112162
0413132
0613032
0213091
1606042
0607072
0506031
0615092
0515132
1115021
1507102
1005071
1113152
0906121
0316112
0616112
1308121
1314132
0410142
1312122
1211161
0108092
1210121
1213112
0809042
1608071
1106162
1605091
1010082
0803012
0102091
1311122
1512151
1612022
0913012
1105081
0611031
1503122
1310121
1011042
0802011
1303101
1006021
0810061
1104151
1403021
0411042
0803122
1101161
1105012
0116091
0110052
0213142
0102031
0816132
1102041
0810092
0707031
1603111
0616091
1009162
1601112
1112012
0710131
1506071
0910071
1302082
1503101
0605112
1007161
1408132
0214141
0504131
1604052
1111081
1602041
0311121
1208071
0111092
0912012
1104052
1413082
1509081
0406152
0304011
0602122
1616042
0216161
1412011
1504131
0808111
1410141
0713072
1314061
1604122
1510051
0812132
1511112
0401112
0608071
0909021
0406122
1510081
1305071
1214022
0210131
0106111
0103092
0406132
1609021
0815062
0911152
0411082
0703042
0415151
1209082
1214042
0116152
1307072
0705141
0213152
1501152
0807042
1502142
0516041
1015081
1312041
0407112
0612081
1404061
0212081
0902061
0308081
0805112
0812022
0401062
1210151
1312151
1305152
0202162
0110141
0511071
1016062
0211081
1015061
0201051
1013102
1301091
0802092
0315051
1310092
0510142
1012032
1407092
0414121
0710152
0208021
0506072
1201061
1405111
1112032
0211152
1116131
0109142
1603031
0609052
0811081
1407062
1003081
1106032
0313021
0407021
0102032
0803101
0106132
0404132
1304161
0809111
0310022
1008132
0813131
0213122
0704102
0314042
0705091
1310102
1009112
0208022
0703082
1614112
1409022
1604131
0716031
0811072
0503121
0115082
0709102
1013142
0104151
0912132
1608122
1105051
1115081
1506041
0909042
1007031
1214061
0403122
1116151
0312062
1312091
0412072
0716091
0803112
0516101
1002092
0912092
1602132
0812131
0104041
0410132
1302151
0902022
0506112
0203091
0613092
0206151
0401042
0816162
0705122
0205051
1212111
1214101
0901042
0103062
0604082
0703151
0511091
1215081
1413111
0408111
1108101
1214132
0713062
0210101
0605101
0308151
1303021
0107112
1014152
0913152
1515042
1405122
0816022
1405041
1010042
1407142
0413161
1414071
0211141
0702112
0309021
1506151
0507092
1401071
1009011
0105012
1305082
0201021
1508012
1107022
0902042
0410052
0801021
1011132
0505021
0414032
1006131
0511012
0808082
1415071
1311151
0912032
0403102
1113161
0912021
1209152
0301112
1014142
1603162
1309051
0409142
1615081
0601122
1212122
1006051
1405042
1001151
1215071
1105102
0206041
0415091
0107071
0301051
1013071
1105161
1308012
0904161
1311102
1008102
1108132
1015021
0604051
1114102
0709151
0802082
1006152
1307042
1606121
1205122
1106151
0311101
1504052
1608161
0611012
1406151
0811152
0209031
1316112
0612012
0905021
1410011
1410062
0403041
0708061
1010101
0501142
0808072
0203052
0803161
0605111
1101082
0602011
0915101
1009132
1516031
0804011
1616131
0406141
0411131
0505072
1303071
1114111
0107152
0611092
0706051
0716131
1103061
0614132
0401121
0912142
0406011
1515142
1114101
1606071
1406031
0410032
0503111
0910081
1114091
1116021
0902112
0512142
1514112
0507132
1602121
0408091
0911072
0901132
1507041
1106111
0712132
0508142
0512051
1407132
0711012
0912051
0401151
0413012
1015112
1107031
0816092
1501121
1407152
1506112
1509092
0903061
1606152
1512131
0209102
0605102
0712022
1505031
0114041
0512052
1107141
1205041
0205012
1116091
0802142
0502151
0302111
0207061
1314161
1614011
0615011
0405131
0507142
1613022
1414031
1011052
1601102
1406101
1516092
0513032
0703101
1303042
1609051
0105112
0408081
0301022
0501131
1507072
1215061
1413121
1415122
1416161
0812051
0903121
1514121
0814132
1507081
1514022
1103161
0505132
0205112
0603041
0412162
0401132
1116092
0312072
1503012
0503101
1001132
1414072
1001121
1315092
0412121
1414122
0909012
1112111
1212101
1513041
1615092
0509111
0216082
0715032
0904102
1212151
1510032
0608012
1101041
1007151
0103052
0307062
0402011
0410051
0601152
0802012
1305132
0107081
1513022
0304152
1010022
0507011
0813101
0303032
0213041
0807092
0114081
1009042
1205081
1409102
1007162
0804092
0605092
1603152
0401162
0712031
0203122
1104131
0708112
1016151
1610112
0416061
1412061
1205082
1306041
0915121
0207051
1305141
1406121
0309131
1107102
0410021
0402072
0405071
0811111
0307132
0910052
0602111
0111111
0609122
1315141
0903101
1316091
1611082
0516062
1512071
0906092
0407052
0503141
1101032
1211021
1511142
0102162
0913011
0803041
1011041
0915151
1403081
1010041
0109131
0204061
1209062
1303011
1001042
1109092
0516021
1402062
1011121
0915081
1407072
0404092
1313052
0502012
1011031
1113101
1115151
0110161
1405152
0210121
1206122
1210132
1612072
1308062
0316151
0809062
0303102
1106011
1503052
0509122
1112152
1213151
0305041
1301052
1002041
1508091
1101011
1615062
1102122
0115031
0609141
0311131
0613041
1216062
0316051
0716061
0801132
0302082
1007121
1501042
0112071
1611151
1315022
0313141
0204162
0407162
0811071
1207061
0714102
1510101
0104112
1301042
0108081
0606081
1216031
0113121
0816062
0406041
0416111
1205031
1508122
1408062
0116131
1616022
1601162
0712041
1611072
0201081
0911051
0701022
0709031
1106051
1110102
1003161
1312142
0612101
0307071
0512082
1107082
1006042
1411101
0614011
1607141
0509121
0113151
0510051
0808081
1602061
0411091
1610031
1206022
0709071
1316131
0615051
0512101
0708162
1501072
1108052
0505062
0604072
0816111
1401072
0409042
0604062
0309012
1311072
0908022
0112082
0801081
1603102
0110102
0809061
0714151
0305082
0106122
0407141
0904022
1302141
0316011
1204121
0206111
0114132
1115071
0112162
0214092
1602101
1211102
1408111
0104051
0505111
0311072
1616142
0309101
0715142
0407041
0908072
0416161
1614021
1604101
1303102
0207071
0614121
0602101
1015131
1411111
0309061
0704092
0616071
1505072
1213061
0705101
0405152
0901082
1311042
0602102
0914032
0406062
1602092
1413031
0306041
0904052
1313061
0711041
0312122
1609031
1003041
0216012
1001032
1102151
1112031
1302131
0204152
1515021
0215152
0912061
1216151
0409072
0204111
1615141
0311161
0107142
0502011
1301072
1414012
1014161
0102081
1402052
0513101
1202051
1410022
0214031
0106162
0113052
0514161
1209161
1001162
0606022
1607042
0305151
0113131
0814032
0804032
0209022
0211161
0905152
1114151
0305091
1203162
0610111
0806022
0206091
1111132
1005131
1209141
0216062
1103152
1211032
1101141
1607092
1509161
0716032
0911111
0905071
1405052
1616162
0911012
1507052
1113141
1209091
0506042
1408131
1014112
1204131
0903012
1605022
0701051
0416131
1509041
1611041
0603021
0102022
0103011
0213062
1416042
0102011
0515131
1205112
0701011
1003131
1307122
0401082
1306081
0905142
0601031
0415112
0310012
1407101
1506062
0311051
1211071
0905131
0715101
1102071
0811011
0515012
0108111
1602021
1309091
1512122
0505102
0412081
1301031
0905042
1013121
0403051
1404072
1509032
0403132
0205062
1508041
0813081
0605022
1512152
0916022
0615152
0711121
0815111
1612112
0707112
0605042
1213022
0711131
0612102
0210022
0103121
0512121
0104111
0602051
1405151
0510042
0512061
1608101
1612111
1308082
1105151
0705142
1514011
0511032
0301041
1101142
0405142
1304132
0405061
1013162
0506062
1407151
1516131
1609062
1316042
0112021
0504022
1005132
0507081
1309152
0403161
1301152
1407021
1515141
1611022
1408081
0203151
0810132
1307112
1015151
0414022
0606152
0614081
0808062
0814041
1408031
1106031
0401022
0615071
1411062
1311112
0204082
0216101
0606141
0910101
0806122
0101032
0801012
0101071
0414051
1201142
1310101
0311122
0715162
0103072
0405011
1612062
0802071
1003141
0702102
1607142
0101031
1402141
0303122
0314152
0808021
0902062
0408022
0215032
0303132
0804101
0611011
0616101
0101132
0416052
0712151
1404062
0910141
0814161
0813051
1509052
0209072
0608022
1501131
1509151
0206022
0103012
0813152
1414062
0910011
1305061
1612131
1003142
0906162
0609051
1312062
0804062
0413092
1316121
1114121
1502092
0412041
1015092
0304121
1212071
0906081
0801011
1205132
1204141
0115022
0910062
1116111
1012112
0908041
0704042
1612042
1511092
0313151
0202032
0801051
0911162
0306152
0513141
1413051
1106052
1114081
0807141
1409131
0713151
0906052
0814121
0706101
1309032
0902032
0910121
0501162
0210081
0106012
0501051
0907082
1001011
0705161
1206131
1112121
0706021
1312031
1607132
0315101
0313052
0112022
1410041
0112102
1513121
1406111
0715121
1311062
1006101
1103131
1607012
0314032
1508062
0515032
1411122
1106122
1508131
1110132
0310021
0614051
1616161
0204122
0207142
0111091
1614072
1516142
0906091
0705062
1408042
1304012
1602142
0612161
1309092
0604031
0608011
0508062
1011161
0902111
1108111
1512072
1107092
0315022
0605012
1606052
1508072
1005121
0208111
0415121
1403121
0413091
0310062
0713082
0609081
1204162
0613162
0813071
1307041
0204092
1610151
0612142
0315091
0913062
0207011
0814112
0611081
1616101
1508102
0811021
0201091
0906072
1307081
0302132
1402071
0503162
1411071
0806071
1201102
1307022
0203081
0610022
0406102
0208101
0606142
0913042
1012012
0402052
0713141
0412021
0616131
0413011
1415102
1507122
1412151
1614012
1606081
0104092
0303152
0901012
0413131
0208012
1003061
0306111
0805102
1416131
1411012
0913101
0205151
0702101
1212021
1605051
0714141
1404112
1604021
1311022
1208081
0101112
1405132
0807102
0507021
0111132
0807101
0915142
0707071
0715022
0713041
0503032
0311132
0314011
1504091
0802121
1114031
1216082
1414022
1306071
0213061
1006091
0312011
0509151
0601131
1002122
0503022
1516042
1405061
1207122
1506152
0312162
0516142
0608061
0708111
1411021
0504152
1309081
0408051
0105042
0208061
0309122
1516012
0512022
1001152
0111151
0716041
1604071
0611151
1012141
1205151
1401022
1416092
1606111
0904091
1107081
0612022
1315061
1003132
1614142
0510071
1503042
1501142
0509071
1210131
0112122
1405062
0307102
0604012
1410092
0608162
0212032
1008032
0801091
1602131
1107112
1011062
0506071
0706071
1608032
1113041
1412091
0813132
0901131
1214051
0502022
0806101
0103161
1206111
1308042
1103121
0201061
1215051
0701122
0516061
1203151
1415031
0803162
0402141
0603042
0707102
1015121
1511141
0215151
0308032
1605122
0613101
0204022
0715042
0510112
0512062
0512132
0213022
1215131
0614141
0613051
0710042
0312132
1306112
1314062
0504142
0410161
0413051
0709152
1601031
1411032
1406142
1505022
0216112
1402161
0907151
0309162
0316032
1006041
1015041
1214141
1307132
0616041
1411072
0714031
0410091
0709052
1516011
1114052
1002111
0308042
1508132
0414082
0610121
1605111
0707091
0406052
0612122
1505062
0701141
1001052
1311152
1101012
0810141
0308091
0114142
1410052
1604111
0604141
1511022
0712111
0804131
1111152
1204102
1506141
1409031
1201101
1404012
1414151
0711081
0908132
1409051
0915042
0501062
0202031
1510111
0115132
0402012
0102052
1614092
0812052
0104101
0304082
1206081
1116142
1205161
0315151
0216071
1612082
0302021
1403161
1409041
1415131
0406091
0114021
0313161
0205042
0708151
1316152
0314062
0411021
1001061
0711142
0408151
1314152
0511111
1415041
0215021
0811082
0511011
0913161
1204111
1410061
0611102
0405091
1002031
1514101
1607072
1101031
1312061
1011021
0606041
0914142
0909081
0614111
0312141
0605161
1406071
0412152
0502111
0902072
0814091
0402161
0514011
1402142
0211162
1612122
0215071
1005061
0416062
1208021
1403162
1003042
1205091
0912122
0406092
0612041
1115161
1305031
1416091
0611041
0701012
0806132
1416102
1104102
1109051
1514131
0910042
1402091
0706152
0613152
1502042
0407131
0712141
0102151
0407081
1316092
0101162
0805071
1403042
0414151
0605081
1602161
1605041
1210101
0415021
0214132
1611132
0106102
0904122
1306052
0907121
0504091
0902142
1310011
1504142
0810101
1002042
0715152
0914051
1014071
1411091
1003122
1203121
0902122
1108121
1105152
0114141
1509051
0106131
1009121
0707072
0807091
0516011
0210071
1212121
1616092
0101072
1207022
0316162
0904051
1106082
1111061
0806162
0116042
1507011
0501021
1313041
0307011
1406081
1507132
0908091
1016161
0708051
0615062
1216131
0101082
1410082
1305161
0109072
1209121
0614071
1111161
0202092
1105082
0108062
0905012
0812111
0307031
1609081
1005081
1516022
0310122
0615052
0204081
0710122
1101102
0704111
0601112
1302161
1314092
0702161
0401052
1304151
1509072
1608041
0104062
0609061
0409162
0309072
1310062
0616152
0715111
0906031
0902041
0715012
0104022
1015102
1012041
0201101
1508151
1408032
0103142
1408162
1507082
0403042
1108141
0205032
0807022
0603012
1401102
0908112
0314081
0203041
1306032
1009111
1102142
1107071
1503141
1006061
1412111
0511051
0203131
0208032
0415131
0610161
0803082
1404162
1601042
1202131
1402022
0112052
0806112
1509122
0412012
1206082
0515122
0807111
1605031
1616011
1109031
0706031
0810022
1016141
1111032
1207162
0506092
0603112
1416032
0316082
1203072
1314072
0114162
1314011
0503091
0916152
0507062
1415072
0704141
0607152
0809031
1403131
0408071
1009032
1010131
0309092
0305081
0106071
0612112
1008082
0215102
0415071
0301092
1505101
0716162
1507101
1514031
0304052
1310122
0410162
0407102
0102161
0813012
0404112
1013111
0509081
0312032
0804102
0709132
0501041
0904081
1011112
0110152
0909142
0502062
1408061
0909031
0401071
1103052
0610151
0411062
0901071
0916072
1215142
0701101
0701111
0612042
0915152
1111122
0609041
0505131
0709081
0905082
1411092
0808031
1506021
1413052
1302121
0205152
1513091
0501151
1409152
1201152
0611032
0103071
0908121
0112091
1008042
0911031
1604162
0610141
1016011
1503142
0509052
1012151
0308152
1110141
0214052
0209111
0805151
1302071
0506052
0407111
0805081
0107031
1213031
1604152
1614061
1615091
0809072
1413092
0705112
0213161
1008152
1212091
1406052
0216162
0804151
1511152
0408072
0504102
0207112
0716151
0203061
1110161
1002101
1615071
0712131
0315102
1005162
1409162
0913151
0406012
1408022
1608091
1008062
0214032
1509131
1515072
0110021
1410021
1310051
1012042
1302122
0109011
0709131
1010151
0614092
1602112
0408102
0712042
1009142
0506142
1014091
0402111
1403111
1401011
0502032
1613011
0510161
0414131
0702151
0205132
0504121
0804031
0210062
1015052
1303131
1414091
0405122
0705132
1506081
0704121
0214111
0316131
0701161
1201091
0214152
1507031
0107162
1614141
1111141
1310112
1004122
0413042
0516081
0314072
1203161
1612032
1216051
0706142
0215162
1307091
1012062
0814072
1315031
0110121
0706081
0216142
0602091
1010051
0901021
0306052
0212071
1414052
0611142
0903032
0609162
0904012
0205091
1512161
0810151
1208112
0109162
0903112
1401092
0105091
0816081
1406061
1013132
1203012
1512021
0305042
0609022
1207041
1111011
0111041
1506101
0515112
0109012
0809022
1215122
0115062
0104162
1302111
0307032
0704011
1413042
0908122
0115081
0501112
0514041
1012092
1506121
0513122
0714082
0306082
1005141
0601022
1405131
0606091
1403142
1405161
1113142
0412131
1604082
1614042
0306151
1105031
0716112
0502141
0609131
0805161
1014092
0605082
0911041
0109092
1511021
1310072
0914111
0203012
1514092
1306051
0312112
0201092
0705052
1216022
1207132
1308051
1102042
0511152
0513062
0614142
1209112
0802052
0604111
1601032
1408012
1210051
0907051
1013021
0302162
1203101
0407022
1208051
0301111
1615131
1501132
0108121
1307071
0202052
1109121
0611111
0814051
1510082
1110101
0203032
1116012
1404131
0809041
1006082
1515151
1110091
1510112
1014012
1011102
1409161
0306091
1107142
1512062
0412151
0209042
1616102
0712032
0212161
0910021
1202032
0304132
0916131
1503072
0609062
1603151
1314131
0316141
0414091
1301071
1107052
0710041
0904071
0201041
0811031
1204082
0313011
1210072
0305112
0305142
0608141
1509101
1208102
1008141
1112081
0714021
1509111
0214142
0603031
0406082
0103141
0610091
1112041
0803011
1114112
1216052
1004162
0512111
1415082
1415161
1006092
0209131
1112092
1112131
1205152
0205011
1504082
1608112
1507151
0205101
1109122
0607121
0202121
1206102
1106101
1113062
0408121
0408011
0612091
1310091
1410132
1107091
0305062
0307082
0915161
0404121
1302011
0806072
0204052
0903021
1202102
0602041
1114071
1205062
0409062
0701092
1501091
1413072
0812152
0502042
1008012
1211042
1507121
0606162
1202061
1308041
0415052
1409121
1216102
1606102
0907152
0309051
0809012
1616032
1313162
0916061
0406112
0710081
0214122
1509082
1209162
0601012
0102071
0204031
0103032
0105162
0410111
1602111
0710141
1616051
1204021
0702142
1010162
1516041
0907141
1609112
1514081
1608062
0411101
0413141
0215091
1411082
0307141
1009091
0814052
0211011
0403061
1205071
0801122
0112081
0816012
1301141
0209122
0404042
0702081
0811032
1203022
0511121
0105121
0802021
0511131
0402082
0912141
0206042
1007022
0512011
0607091
0215052
0408161
0115131
0110162
1410091
1513131
0806152
1211092
1102102
0308102
0812072
0514052
0502061
0807052
0615122
1209061
1008112
1416072
1106132
0505091
1208151
0610102
0804141
1115011
0601132
1209051
0613102
0904011
0211041
0213131
0313081
1310151
1513141
0711021
0915091
0210111
0508111
1502081
0111161
1110151
1506031
1404111
1216042
0405081
1503102
1605062
0503071
0813161
1005072
1006011
1304061
1305101
1014162
0110062
0105152
0912111
0105132
0306011
0706092
1505112
0802022
1413132
0303041
0308062
1305012
1410112
0109112
0802151
0411121
1209072
0503072
0913052
0401111
1009021
0411122
0313121
0803021
1105112
1615111
0103022
0409041
1308132
0809112
0215111
1512082
0904162
0614042
0510132
0105101
1604042
1502151
0110031
1602081
0616142
1606041
0515062
0214102
0214072
0512021
0811091
1202142
0316111
0914102
1212112
1413012
0214112
0913061
0813111
1313032
1104061
1503152
0816112
0801111
0510031
0811122
1211091
0810071
1514052
0214082
0602121
0615012
1002021
1504072
1512041
1504102
0812042
1612051
0410031
0712092
0704082
0502102
1114122
1115101
0903031
0916062
1315152
0907161
0903122
1409141
0311041
1012102
0704062
0215051
1204051
1608051
0702092
0306072
0815082
0806062
0408062
0205111
0402132
1014051
0106072
0713112
0606151
1405141
1408152
1504032
0711092
1008061
1416052
1207151
0103091
0416082
1502141
0105051
0615061
0703091
1108122
0515161
0715021
0616022
0206092
1216132
0301061
0916122
0610101
1411031
0316152
0510052
1307162
0413151
0416141
1412022
0805101
0805012
1502121
1610071
0306021
0413041
1103042
0805122
1310052
0701032
0311011
1013032
0914152
0305052
0204011
0807122
1511012
0112161
0710011
0214061
1601152
1308032
0415072
0816131
0312131
0703031
0213011
0204071
0903131
1015011
0514141
0807061
0806082
1206101
1010102
0709041
1301162
0913031
0709092
1003152
0810052
0407032
1311142
1203011
1207072
0306131
0209052
0611072
1115022
0214012
0904132
0416011
0915011
0208081
1211141
1104072
0408101
1202041
1302052
0904112
0216121
0812011
0907122
1208052
0612121
0503012
1011142
0107121
1514051
0603022
1601121
0904101
0907021
1612162
0805042
0503061
1615162
0306101
0405041
0513051
1306161
1209071
1413122
0411112
1106121
0401131
1301061
1011151
1414011
1102072
1103092
1216112
0611021
1311061
1413061
1516102
1114082
0102131
1111012
1614101
1016112
0108051
0206141
0909152
1312162
1206152
1413091
1202022
0207012
1113082
0612021
0506081
1202121
0104012
0704051
0906131
1014132
0212012
1607131
1306061
0101022
0606051
1406141
1305072
1602162
1414041
0415122
0703011
0915021
0313012
1202031
0813072
0502162
1616112
0310142
1607052
0311032
0613061
0502131
0516112
0311102
0703071
1505162
0310051
1408072
0907162
1003091
0609092
0206132
1201012
0802041
1011072
0607042
0403152
0310081
1511051
0513092
1615152
0604081
1302022
0807072
1506022
0401091
0202132
1304122
1211031
0211122
0804162
1211132
0708072
0610031
0707052
0712112
0611141
1101111
0403082
0316061
1301132
1414121
0916101
0611101
0810161
1611091
0512041
0604041
1311111
0401122
1510072
0216081
0603132
1213051
0410081
1601151
0304022
0408042
0714122
0813141
1306101
0705041
1401162
0601021
0908111
1208091
1407042
1502051
1105071
1616021
0809092
1612071
0213111
0810081
1307161
0611161
0712011
0610072
0514051
0303061
0114052
1210142
1212011
0607102
0709032
1308102
0207081
0714161
1002142
0411061
0409061
0702082
1404151
1611042
1505061
1409081
1303072
0501012
0906041
1603122
0704022
0411071
1210052
0616161
0503041
1212061
1504031
0211131
0211092
0602032
1515092
0209041
0414081
0513011
1413022
0610162
0702012
1203112
1205012
1210081
1612142
1205022
0410071
1614132
0904111
1410121
0908082
0701102
1506012
0607122
1216111
0301131
0803151
1113131
1207051
0114011
0304012
0408012
0112012
1204142
0311071
1406082
1303061
1614031
1212161
0409071
1608052
0610021
0305141
0316092
0107011
1106062
1206121
0516131
1309031
1107122
0512152
0701062
0708092
0606061
1207152
1606062
1401151
1414132
0809081
0516092
1406022
0311061
0706032
1611061
1203092
0115102
0107092
0305032
0908021
0106062
0915031
0801151
1512091
1208132
0201071
0601092
1409071
0710151
0503021
0710091
1514021
1609032
0302031
1615021
1507142
1313141
1001062
1608121
1407052
1310061
1504161
0603091
1407061
0103021
0613151
0504112
1108092
0215031
0706041
0513031
1403092
0506041
0614031
1606022
1006121
1610111
0503131
1510012
0703152
0106011
0908062
0209132
0914092
0505121
1215082
0214071
1013161
1612031
1304141
1615142
1101121
1315121
0710052
0403121
1011141
1211061
1613061
0811151
1113092
1615122
0116162
0112101
0704032
1515132
1005062
1006151
1103122
0209021
0210092
0910012
0310042
1206031
1209102
0110131
1213052
1016142
1208011
0816041
0414031
1605081
0512031
1615051
0702061
1102121
0813162
1006112
0111101
0307061
0813031
0911112
0106121
0215122
0702111
0107062
1504071
0410112
0808101
0110151
1016152
1605042
1208141
0410131
0804161
0302022
0312042
1115102
1104041
0404152
0209071
0705092
0310092
0910082
0509132
0910072
0815141
1511151
0305051
0512042
0503082
1616052
0411132
0301042
0607022
1509071
1501061
1103112
0803091
1612141
0201111
0402031
0511082
0808052
1505091
0111061
1113042
1113032
1601092
0502071
1415042
1005022
1314071
0406031
1401012
0805072
0501102
1401142
0312091
1304051
1015132
0216152
0407152
0114091
1103011
1004161
0106101
1308101
0815122
1101112
0202152
1515091
0310141
0901041
0907101
0812012
1401141
1312052
1310082
0207131
0904042
1010091
1005152
1113091
0607131
0805041
0515041
0806011
0206011
1409111
1108112
1406131
0303021
1210012
0805052
1010132
1008111
1012111
0509082
1314082
0215131
1010121
0706062
0606062
0104161
1304011
0916082
1604141
1614052
0808032
0702021
1616081
0314021
1312101
0406151
1101091
0414071
1013091
0306071
0811142
0905122
1501041
1503081
0509112
1212031
1313151
1111082
1101092
1016081
0509061
0210122
0905031
0708091
0806021
1505051
1004111
0214081
1410101
1109112
0408082
0713012
0307112
0104131
0704012
0210042
1115141
1510011
0705121
0304031
0105022
0810131
1512112
1107041
0408141
0708082
1214041
0112041
1401161
0805121
1615132
0716161
0404142
1001092
1410151
1109022
1211162
0514082
0601102
0913131
1515011
0414142
0613042
0502081
0309102
0102041
0413032
1302162
0505112
0716012
1111052
1315011
1406091
1214131
0516051
0210102
1505122
0914022
1213091
1216061
0407122
1005142
0115152
1303032
0910091
1305042
0612031
0405112
0413072
0810072
1209151
0605031
0804061
0202072
0216092
0305152
0201132
0402062
0914132
1208092
1509152
1104112
1416041
0109101
0615072
1414152
0516122
0201162
0914021
0510101
1207101
1408071
0809052
1116112
0113091
0506151
1414051
0512071
1310111
0415141
0902121
0706121
0401102
1201051
1214091
1205032
1409132
0201112
0109161
0113041
0305131
0713102
1206141
1607122
0804072
0416112
1404022
1215112
1305011
0315142
1411041
0706012
1216011
0103132
0305092
0102092
0301122
1216161
1304022
0312102
1406042
1105021
1303041
1204042
0410042
0605142
0912091
0813011
0903022
1202132
0907012
0903062
1314112
0204041
0809082
1303081
0404011
0305061
0313092
1209132
1213042
0203111
0707122
0505081
0510092
0814162
1503032
0806091
0710031
0113062
1303012
0713061
1112071
1503121
0809132
1215021
0212142
1506052
0714072
0701071
0107151
1003012
1413161
0508122
1303092
1506032
0609071
1316102
0415092
1004121
1614032
0616011
1305032
0716132
0909132
1509061
0711152
1405082
0410012
1204072
0412061
0109042
1016041
0405062
1011051
0513042
1010061
0609121
0603032
0807062
0708142
1204022
0114042
0216072
0515082
0904152
1210162
0108151
0314092
0812081
0503092
0405042
0704152
0405151
0801141
0905121
0414101
1507062
0905022
1109041
0113081
0404082
0908012
0812082
1602151
0105072
0402032
0112031
1013141
1008021
0614052
0402041
1104051
0106142
1610101
1112062
0701031
0116051
0715052
0911101
0506131
0608112
0211112
0509011
0904121
1206142
0107101
1506072
0705021
1101022
1509042
0501032
1012031
0503152
1111022
0311082
1114012
0115091
0415082
1008051
1111101
1204061
0602062
1510131
0101062
1613142
1012142
1414061
0806111
1506091
0109141
1207021
0801092
0612092
0702011
0805131
0604142
1612161
1114132
0101021
1410152
1509011
0514042
1109152
0210032
0201141
0613132
1101132
1406161
1303031
1203091
1511102
0713051
1313111
0402131
0212141
0312081
0607112
0516162
1613021
0308121
0101102
1311031
1515071
0316132
1409151
1504151
0208152
0715051
0914062
1312152
1413041
0703092
0415031
1009122
0716111
1607051
0116092
1109111
0414112
0410061
0507111
0609031
1310142
1206021
0714061
0106092
1105032
0803142
0212122
1006162
0410101
1302031
0614112
1415121
1211121
0211052
0203121
1408161
0202102
1405091
1410122
0102142
1312132
1516161
0911011
0514131
0514061
0112152
1409091
1106102
1207012
1607022
0709021
1309082
1403091
0113112
0112132
0411102
0110081
1006052
1314042
1615052
1610011
0409091
0801142
0303081
1009031
0203062
0404081
0306031
0408122
1207131
1508031
1614071
1605151
0103051
1304062
1314012
0812121
1609061
1311091
0113132
0709121
0609032
1008011
1107032
1212152
0813091
1409122
0711102
1211041
0510082
0607092
1311081
1609091
0307152
1115072
1208101
0306162
0403151
1013072
0216151
0404122
1313031
1402151
0805092
0912121
0604052
0707081
1407081
1108061
0209161
0801031
0511142
0916051
0114151
0206152
0815132
0703141
1101151
0506032
1503151
0213082
0112092
1415011
1215011
0614021
1406012
1301101
0816141
0604121
0605052
0309112
1106061
1413021
0307042
0314101
0808071
0508061
0907072
1610042
0208132
1210021
1512012
0505032
1216152
1211152
0810111
0702072
1201032
1215031
0303111
1410031
0508011
0604152
1315051
0804041
1511081
0815152
0816051
1313021
0309121
1312021
1313092
1610082
1312161
0116132
1605071
0204091
0810102
0812021
1312111
0907041
1515062
0506141
0701082
0803152
0515011
1306082
1313042
0905032
0107102
1311092
0204101
1508142
1116052
0508051
0806102
0405051
1502071
1316041
0502161
1215012
0707152
0902011
1501102
1610092
0812151
1202151
0314111
0616121
0608032
1616082
1402061
0910132
1004131
1504092
1504112
1412162
0101041
1314081
0516032
1608102
1103081
0814082
0909041
0511022
0314031
1103021
1207112
1214161
1415012
0406121
1306141
0315121
1001031
0307022
0304111
0802031
0902021
0910142
1307092
0412071
1110131
0614152
1407071
0407051
0506121
1601161
0506102
0616012
1411051
1112011
1116032
1405072
0604022
0604101
0404012
0601052
0303092
0413101
0104132
0907062
0302051
1008121
1002011
0116031
0613142
0704122
1004042
0611112
0103112
0715131
1110032
1408102
0710062
1210042
0412101
0501091
0705011
1311132
0707062
0711091
0502052
1011011
1101122
0101051
1201111
1603061
0406111
0703122
0811041
0311141
0106052
0903141
1413152
1609072
1111110
0000000
